25
1
-0.171851241903842
0.294222650772335
0.173569829246873
-0.0833288146734527
0.174207602351209
0.224164677409222
-0.139064536123602
0.159082396918343
0.0898112912251361
0.00332083760266537
0.118222269080565
-0.0448311132275419
-0.0357698199591312
-0.172926555806157
0.260212662289643
0.256778611211598
-0.182978459358597
-0.241941960288715
0.190229659543378
0.259343743428667
-0.0200989900470388
0.281504767133938
0.0449015837735774
0.0764811799220304
-0.171851241903842
1
0.318266519947686
0.18849724574741
-0.0697718456139545
-0.214087001720181
-0.0270834813066195
0.0490014893798453
0.0325578101205904
-0.0361015888929625
0.130516980509707
0.19465082232101
0.100651034157568
0.090177591805378
-0.442768192302453
0.144364490080783
-0.21321477467273
0.162266556166974
0.00725645972315166
-0.0370139296505022
0.068818883727741
-0.0147013243924235
-0.0574507279846082
0.534722216359366
0.087783528377049
0.294222650772335
0.318266519947686
1
0.129333724069808
-0.263567786738168
-0.166773481625896
0.241490999879418
0.0269362259450351
0.186657873814669
0.0395107725472231
0.00344944815192342
0.27237891926187
0.238964040868255
-0.274487811110425
-0.0100924491452739
0.510469784030694
0.313193571867698
0.175981196203567
-0.0211718649149047
-0.387526619594553
0.194913188182848
0.130332628575725
0.338417919900791
0.416129950576777
0.0451200822494865
0.173569829246873
0.18849724574741
0.129333724069808
1
0.234921939006495
0.330915715477813
0.116270303549848
-0.762820610889426
0.539805075122329
-0.413932608860689
-0.0196855996420849
-0.0459319391630844
-0.394806127667281
-0.416191495695857
-0.151744713390775
-0.148409309832317
0.0439994862988769
-0.184003018993188
-0.207362990116901
0.279517549136858
0.0271468307049779
-0.0259039588849423
0.0808730163011672
0.0890222212356104
-0.0155942725136625
-0.0833288146734527
-0.0697718456139545
-0.263567786738168
0.234921939006495
1
0.134375657682466
0.179314752024206
-0.095061837326764
0.268077075710291
-0.328477508344461
-0.338054389099764
0.00925578234061803
-0.386459309855263
0.122540267315549
0.096938853928076
-0.433864608114555
-0.257213788317629
0.0548463568445755
0.0430685025863886
0.0258716155054993
-0.49473162570162
0.122178697211451
-0.125978188391927
-0.098431774107624
0.207590557978079
0.174207602351209
-0.214087001720181
-0.166773481625896
0.330915715477813
0.134375657682466
1
-0.160869963616445
-0.292385794308528
0.371317463659742
-0.111179601577883
0.284004615889119
0.390957834375629
0.170448067663393
-0.156955746371631
0.000745503299736544
-0.105146549066315
0.298710848491634
-0.356173869972681
-0.0242059905829836
0.0458513088682085
0.22839952745211
-0.0499716751117041
0.293895514534332
-0.181932265085282
-0.260202434208413
0.224164677409222
-0.0270834813066195
0.241490999879418
0.116270303549848
0.179314752024206
-0.160869963616445
1
0.0554675892556566
0.12080927636218
0.0999343675100489
-0.280177791108747
-0.19769956954462
-0.0790870993283376
0.0605189583772106
0.164845501784688
0.175634159077102
0.15875996433571
0.310451893914657
-0.334404410300405
-0.003413992222375
-0.0317504266340498
0.277950654977049
-0.229633054489154
0.492919664638854
0.169569275792014
-0.139064536123602
0.0490014893798453
0.0269362259450351
-0.762820610889426
-0.095061837326764
-0.292385794308528
0.0554675892556566
1
-0.109795699863758
0.201269446398628
0.0239750246207017
0.277855990054503
0.308730347462746
0.423275510341774
0.137941738979946
0.277907924965269
0.00336490350764047
0.330016666875594
0.0606407064455817
-0.202526295150905
-0.0112127500806389
0.182212762052484
-0.107546234122578
0.174676444784568
0.163295673385834
0.159082396918343
0.0325578101205904
0.186657873814669
0.539805075122329
0.268077075710291
0.371317463659742
0.12080927636218
-0.109795699863758
1
-0.253202922991084
-0.0580187347327121
0.206891675489352
-0.0535867535967374
-0.404148318890426
-0.0551818118647243
0.0845955765118635
0.151569445768883
-0.13839661858307
-0.471821119648315
-0.0513063810451476
-0.0190662529982711
0.082323228616052
0.109672656961085
0.095159245463963
0.143662586674302
0.0898112912251361
-0.0361015888929625
0.0395107725472231
-0.413932608860689
-0.328477508344461
-0.111179601577883
0.0999343675100489
0.201269446398628
-0.253202922991084
1
-0.153388837374357
-0.012398725992083
0.41035774574203
0.119290567442424
0.16544573648771
0.24796344905441
0.243054024952751
-0.224043799449668
-0.079716457505518
-0.12142962419377
0.0232615625776496
0.0447129060214912
-0.0806688249847057
-0.0399400556941646
-0.0469236278592341
0.00332083760266537
0.130516980509707
0.00344944815192342
-0.0196855996420849
-0.338054389099764
0.284004615889119
-0.280177791108747
0.0239750246207017
-0.0580187347327121
-0.153388837374357
1
0.271898270836318
0.298196570769195
0.317412171876559
-0.0551278215792488
0.116576205034546
0.354198453207726
0.0263832696600672
0.227239743721626
-0.179665264744855
0.288509420814921
-0.405665210624107
0.132253266454824
-0.0426883269200742
-0.303655863975362
0.118222269080565
0.19465082232101
0.27237891926187
-0.0459319391630844
0.00925578234061803
0.390957834375629
-0.19769956954462
0.277855990054503
0.206891675489352
-0.012398725992083
0.271898270836318
1
0.320134294890004
0.251558176670295
-0.0846841842331632
0.303142099667337
0.272994555302694
0.151161386701106
0.271296858005084
-0.144930204145625
0.329152100668643
-0.0521116943521849
0.161214244477788
-0.050720709370824
-0.134136267798509
-0.0448311132275419
0.100651034157568
0.238964040868255
-0.394806127667281
-0.386459309855262
0.170448067663393
-0.0790870993283376
0.308730347462746
-0.0535867535967374
0.41035774574203
0.298196570769195
0.320134294890004
1
0.107273634768135
0.327647681527284
0.564507815976061
0.260694352255864
-0.110359446755439
0.0973168023497268
-0.145456948322236
0.211014260031572
-0.293046475069238
0.0158284489938942
-0.0349579269158403
-0.119818687779671
-0.0357698199591312
0.090177591805378
-0.274487811110425
-0.416191495695857
0.122540267315549
-0.156955746371631
0.0605189583772106
0.423275510341774
-0.404148318890426
0.119290567442424
0.317412171876559
0.251558176670295
0.107273634768135
1
-0.0836362764592888
0.0397878358723362
0.0745878858293282
0.20844213421313
0.399358617417099
0.158483859545228
-0.0401636356659921
-0.0995272473992433
-0.221467927288149
0.0868353114761614
0.15318938341987
-0.172926555806157
-0.442768192302452
-0.0100924491452739
-0.151744713390775
0.096938853928076
0.000745503299736544
0.164845501784688
0.137941738979946
-0.0551818118647243
0.16544573648771
-0.0551278215792488
-0.0846841842331632
0.327647681527284
-0.0836362764592888
1
0.0527202487364839
0.0724640385776053
0.0969793848006854
0.076640533423086
0.0877608163239323
-0.244799174409444
-0.111637556527778
-0.0615771989589211
-0.307061368585167
0.033763246187578
0.260212662289643
0.144364490080783
0.510469784030695
-0.148409309832317
-0.433864608114555
-0.105146549066315
0.175634159077102
0.277907924965269
0.0845955765118635
0.24796344905441
0.116576205034546
0.303142099667337
0.564507815976061
0.0397878358723362
0.0527202487364839
1
0.428903561524066
0.141494252656379
0.0573690680109696
-0.210661850708657
0.553713652569636
-0.109199174443715
-0.118279634168592
0.271439343122364
-0.140976521762817
0.256778611211598
-0.21321477467273
0.313193571867698
0.0439994862988769
-0.257213788317629
0.298710848491634
0.15875996433571
0.00336490350764047
0.151569445768883
0.243054024952751
0.354198453207726
0.272994555302694
0.260694352255864
0.0745878858293282
0.0724640385776052
0.428903561524066
1
-0.257003227667525
0.0894208942291729
-0.308891828329236
0.339105088431247
-0.216639411523789
0.170443891605997
-0.0429382441158001
-0.0782524661593421
-0.182978459358597
0.162266556166974
0.175981196203567
-0.184003018993188
0.0548463568445755
-0.356173869972681
0.310451893914657
0.330016666875594
-0.13839661858307
-0.224043799449668
0.0263832696600672
0.151161386701106
-0.110359446755439
0.20844213421313
0.0969793848006853
0.141494252656379
-0.257003227667525
1
0.214816335422752
-0.142795606610959
0.206174470383903
0.0595806260490146
-0.334732644875361
0.381158207328534
-0.102824189442364
-0.241941960288715
0.00725645972315166
-0.0211718649149047
-0.207362990116901
0.0430685025863886
-0.0242059905829836
-0.334404410300405
0.0606407064455817
-0.471821119648315
-0.079716457505518
0.227239743721626
0.271296858005084
0.0973168023497268
0.399358617417099
0.076640533423086
0.0573690680109696
0.0894208942291729
0.214816335422752
1
-0.00707878079094306
0.279171134398258
-0.133803466507154
0.215906254124163
-0.271434258897157
-0.30398962821829
0.190229659543378
-0.0370139296505022
-0.387526619594553
0.279517549136858
0.0258716155054993
0.0458513088682085
-0.003413992222375
-0.202526295150905
-0.0513063810451476
-0.12142962419377
-0.179665264744855
-0.144930204145625
-0.145456948322236
0.158483859545228
0.0877608163239323
-0.210661850708657
-0.308891828329236
-0.142795606610959
-0.00707878079094306
1
-0.142334119201304
0.00414204012698208
-0.100867419982617
-0.137759653596635
0.291916573309141
0.259343743428667
0.068818883727741
0.194913188182848
0.0271468307049779
-0.49473162570162
0.22839952745211
-0.0317504266340498
-0.0112127500806389
-0.0190662529982711
0.0232615625776496
0.288509420814921
0.329152100668643
0.211014260031572
-0.0401636356659921
-0.244799174409444
0.553713652569636
0.339105088431247
0.206174470383903
0.279171134398258
-0.142334119201304
1
-0.184980908870223
0.134947773062521
0.161686039319765
-0.51717601001611
-0.0200989900470388
-0.0147013243924235
0.130332628575725
-0.0259039588849423
0.122178697211451
-0.0499716751117041
0.277950654977049
0.182212762052484
0.082323228616052
0.0447129060214912
-0.405665210624107
-0.0521116943521849
-0.293046475069238
-0.0995272473992433
-0.111637556527779
-0.109199174443715
-0.216639411523789
0.0595806260490145
-0.133803466507154
0.00414204012698208
-0.184980908870223
1
0.142121389862317
0.155927019253238
0.276935013039531
0.281504767133938
-0.0574507279846082
0.338417919900791
0.0808730163011672
-0.125978188391927
0.293895514534332
-0.229633054489154
-0.107546234122578
0.109672656961085
-0.0806688249847057
0.132253266454824
0.161214244477788
0.0158284489938942
-0.221467927288149
-0.0615771989589211
-0.118279634168592
0.170443891605997
-0.334732644875361
0.215906254124163
-0.100867419982617
0.134947773062521
0.142121389862317
1
-0.13366809843726
0.119181236138858
0.0449015837735774
0.534722216359366
0.416129950576777
0.0890222212356103
-0.098431774107624
-0.181932265085282
0.492919664638854
0.174676444784568
0.095159245463963
-0.0399400556941646
-0.0426883269200742
-0.050720709370824
-0.0349579269158403
0.0868353114761614
-0.307061368585167
0.271439343122364
-0.0429382441158001
0.381158207328534
-0.271434258897157
-0.137759653596635
0.161686039319765
0.155927019253238
-0.13366809843726
1
0.120972777058992
0.0764811799220304
0.087783528377049
0.0451200822494865
-0.0155942725136625
0.207590557978079
-0.260202434208413
0.169569275792014
0.163295673385834
0.143662586674302
-0.0469236278592341
-0.303655863975362
-0.134136267798509
-0.119818687779671
0.15318938341987
0.033763246187578
-0.140976521762817
-0.0782524661593421
-0.102824189442364
-0.30398962821829
0.291916573309141
-0.51717601001611
0.276935013039531
0.119181236138858
0.120972777058992
1
0
0
0
0
0
0
0
0
0
0
0
0
0
0
0
0
0
0
0
0
0
0
0
0
0
-3
3
