15
75
3.33747224432478
3.74463940143981
3.73649836388784
3.83076047116597
2.88919545451194
3.92880875949888
3.47692747790738
2.84309781413272
3.75605196291816
3.75334723636067
3.3768611990265
3.76969306507648
2.28103115455248
3.53203816825238
3.89738862989469
3.55027217391479
3.92664196417087
3.58487818162418
3.31796626872104
3.91668651907204
3.96868061388467
3.5789228017028
3.53217510349182
3.94878509844091
3.86992844593665
2.05958582050762
3.84214734271226
3.85151089204146
3.42855040611907
3.40014853116103
3.09491820272073
3.20208394088451
3.86920902223662
3.71927019544317
3.58963371422088
3.49409683304799
3.8734946356007
3.9826284475609
4.0628460466044
3.91867716114396
3.92273585228424
3.70022469520496
3.83329008310286
3.95329732931224
3.80251567612389
3.63714440267626
3.83065182833038
3.63297760556091
3.76774225696866
3.9505425477865
3.57583319710755
2.85865685198533
3.70523341367938
3.69675222403658
3.74740651280479
3.18152722685016
3.91900184298045
4.07560611890788
3.88708329468818
2.24417705550838
3.87721218422759
3.39259868989396
3.75106486312261
3.74325912103235
3.61345368901843
3.65960739532935
2.95707750317633
3.17144315659327
3.873091737505
4.12288291927223
3.30361541873545
3.15452982762524
3.7528022532082
3.73044742094309
3.69179040030652
1
1
1
1
1
2
2
2
2
2
3
3
3
3
3
4
4
4
4
4
5
5
5
5
5
6
6
6
6
6
7
7
7
7
7
8
8
8
8
8
9
9
9
9
9
10
10
10
10
10
11
11
11
11
11
12
12
12
12
12
13
13
13
13
13
14
14
14
14
14
15
15
15
15
15
16
23
18
21
10
18
14
9
33
37
13
25
9
21
36
20
36
22
13
30
39
15
12
32
34
8
40
32
18
19
12
15
34
28
20
22
28
40
30
37
32
18
26
25
31
34
35
24
30
28
16
10
21
20
30
12
40
39
31
8
36
15
30
29
24
40
9
12
25
34
18
15
30
37
33
