-0.104681 0.900612
-0.308221 0.857633
-3.43199 0.55972
-0.4732 0.576712
-1.07574 0.855988
-0.761475 0.605991
-0.523305 0.0370812
-1.74535 0.757932
-1.40547 0.735399
-0.435123 0.704739
-0.349299 0.662191
-0.266814 0.429941
-0.359257 0.780112
-3.41063 0.284165
-2.25288 0.816435
-0.390657 0.00123471
-1.53506 0.518293
-1.47193 0.427362
-0.258268 0.245013
-0.156207 0.241723
-0.681491 0.889007
-1.82628 0.837314
-0.365718 0.166544
-0.813183 0.408377
-0.564729 0.402882
-0.279632 0.227832
-0.878952 0.787312
-0.801956 0.260152
-0.491209 0.287709
-0.534255 0.518697
-1.41849 0.727727
-2.80291 0.217484
-0.36417 0.751932
-0.836602 0.672876
-1.21575 0.397449
-0.776769 0.080201
-1.43789 0.345249
-1.27421 0.376505
-0.571723 0.688943
-0.689063 0.179472
-1.24856 0.044168
-1.03395 0.60705
-1.45957 0.0178504
-0.645551 0.717397
-1.92713 0.644397
-0.618621 0.265982
-0.296055 0.296141
-1.96007 0.241485
-0.413518 0.122983
-0.999593 0.334987
-0.354826 0.0141773
-0.322873 0.310466
-0.345388 0.867848
-0.628445 0.176389
-0.513417 0.871682
-0.540759 0.0754566
-0.95885 0.207273
-0.771053 0.144525
-0.795315 0.837308
-3.39926 0.833745
-0.449828 0.762911
-0.582022 0.410224
-0.355956 0.488855
-0.882494 0.302007
-1.07278 0.631286
-1.33605 0.570946
-0.68946 0.343938
-2.57967 0.809676
-0.564684 0.360371
-0.161706 0.324726
-0.219825 0.742576
-0.234126 0.0431684
-1.16961 0.645037
-0.456936 0.0911261
-0.744595 0.870229
-0.521232 0.176951
-1.42037 0.729407
-0.602644 0.266178
-3.13796 0.497785
-0.467804 0.711319
-1.31108 0.581868
-1.90265 0.425683
-1.20654 0.770514
-1.90384 0.474568
-0.193908 0.294651
-1.36337 0.677835
-2.33395 0.891423
-2.25025 0.543259
-0.385025 0.695823
-0.280351 0.793213
-3.44186 0.189884
-2.21298 0.882352
-0.220082 0.776698
-0.76809 0.702786
-0.18327 0.35169
-0.647268 0.415006
-0.361825 0.158949
-0.965828 0.419463
-0.296489 0.393636
-1.05814 0.413161
-1.14216 0.572698
-0.953129 0.882081
-1.03339 0.621318
-0.273538 0.0721123
-1.08865 0.210892
-1.09467 0.30455
-0.981888 0.352766
-0.961419 0.721726
-0.515955 0.0472114
-1.76659 0.101366
-0.429748 0.509134
-1.47644 0.0727838
-0.142721 0.418976
-2.12464 0.609814
-0.319364 0.0067735
-1.14033 0.611155
-2.57405 0.722306
-0.417792 0.875495
-0.108086 0.774688
-4.75143 0.379173
-1.54196 0.810346
-0.877034 0.278247
-0.372222 0.638049
-0.132562 0.503131
-0.192477 0.288752
-0.63665 0.0403902
-0.915766 0.24623
-0.923219 0.825349
-0.469976 0.505675
-0.424003 0.109992
-0.412929 0.507053
-1.06122 0.355332
-0.160832 0.484425
-0.335769 0.265222
-1.46019 0.45592
-0.556472 0.579576
-0.272933 0.228919
-4.9615 0.796741
-2.66816 0.710471
-0.115312 0.642337
-0.339182 0.162036
-0.410001 0.783046
-0.248101 0.879266
-1.57108 0.593394
-2.3537 0.0253808
-0.401827 0.205733
-0.848792 0.822272
-0.379574 0.753336
-0.826241 0.441818
-1.39227 0.0439168
-1.06758 0.451219
-0.495945 0.118138
-0.410566 0.341169
-0.134517 0.430178
-0.488341 0.878699
-0.817109 0.057735
-2.15726 0.883864
-0.790195 0.379407
-0.997086 0.875217
-1.46883 0.340277
-0.585841 0.0561133
-0.215596 0.718066
-0.508893 0.735294
-0.656583 0.308093
-0.537434 0.0824559
-0.144382 0.200944
-0.250436 0.83718
-0.34965 0.472362
-1.27231 0.0384996
-1.40695 0.760533
-0.148235 0.503442
-0.765472 0.182536
-0.97833 0.138016
-0.552746 0.776353
-0.47643 0.56651
-0.368013 0.709325
-0.919194 0.309371
-0.154591 0.536094
-0.734306 0.429826
-1.26444 0.708748
-1.69666 0.807751
-0.119441 0.863076
-0.864311 0.58416
-0.45718 0.0259858
-1.97157 0.829365
-0.418023 0.39386
-0.519309 0.740528
-0.410624 0.830052
-0.202636 0.778031
-0.336214 0.557422
-1.03363 0.183357
-0.185722 0.855734
-3.3002 0.707602
-0.334922 0.365175
-0.281452 0.124661
-0.717305 0.822288
-0.566125 0.37455
-0.132582 0.41889
-1.02737 0.0543832
-0.790773 0.417232
-0.838542 0.702406
-0.447285 0.75966
-4.1418 0.372675
-2.85974 0.0682167
-2.25049 0.0444354
-0.289944 0.442943
-1.28807 0.0881306
-0.593592 0.665412
-0.696081 0.795287
-0.344026 0.0581904
-0.297453 0.235746
-0.304092 0.0155834
-2.97848 0.449829
-0.220838 0.293959
-0.1541 0.609427
-1.61373 0.0194529
-0.359608 0.350778
-0.983763 0.628771
-0.873252 0.150439
-0.488291 0.328611
-0.174268 0.16333
-0.258338 0.650144
-0.147377 0.262323
-0.561012 0.274017
-2.81357 0.417935
-0.242325 0.826835
-1.12392 0.725597
-0.551805 0.167778
-0.201853 0.370716
-0.783828 0.769724
-0.25638 0.0500554
-0.107883 0.756649
-0.106215 0.550462
-1.32065 0.521142
-1.47921 0.375683
-1.62896 0.175012
-0.867046 0.707397
-0.236312 0.868085
-0.929052 0.478151
-1.63834 0.683923
-0.811159 0.832928
-0.182604 0.236821
-2.28553 0.0664265
-1.05529 0.722658
-1.02411 0.0415137
-1.28248 0.337743
-3.00577 0.669696
-1.65812 0.727647
-0.169803 0.432906
-1.5306 0.410246
-4.314 0.829129
-0.957772 0.275033
-0.58051 0.0084658
-1.12334 0.776474
-0.146593 0.178328
-1.98875 0.264229
-0.154457 0.864839
-0.841607 0.610706
-0.318577 0.275726
-0.56207 0.21053
-1.82324 0.731602
-3.39722 0.891928
-0.159542 0.760077
-0.221013 0.683312
-0.417976 0.773448
-0.883939 0.613913
-0.972191 0.837459
-0.279972 0.668317
-0.830771 0.623145
-1.01483 0.265632
-1.07127 0.590339
-0.159705 0.354457
-0.531066 0.811189
-1.88053 0.764817
-0.406825 0.440998
-1.07172 0.806969
-0.319395 0.0742126
-1.09193 0.0860486
-1.68027 0.494221
-0.816848 0.538865
-1.75328 0.883603
-1.7961 0.447682
-1.30615 0.640178
-0.628647 0.614135
-0.805626 0.694219
-0.191708 0.676962
-0.540297 0.200786
-2.14134 0.0550714
-0.309623 0.288597
-1.65194 0.512642
-3.28152 0.131325
-1.15562 0.818832
-0.465172 0.894113
-1.43933 0.595494
-1.24463 0.813812
-0.147685 0.327923
-0.120776 0.614186
-0.556514 0.145391
-0.388493 0.167876
-0.143167 0.840411
-0.296978 0.832745
-1.61771 0.575199
-1.53971 0.276627
-1.2736 0.679462
-0.124364 0.533661
-0.552812 0.0517067
-0.204591 0.276403
-4.39557 0.465173
-0.370338 0.713852
-5.53124 0.274206
-3.24456 0.868043
-5.42948 0.355281
-1.67996 0.133043
-1.21495 0.0361396
-0.145872 0.334868
-0.200221 0.771921
-0.641653 0.533877
-0.313545 0.266824
-3.54264 0.616592
-0.384305 0.0633347
-2.57898 0.100651
-1.83998 0.661496
-0.177481 0.249136
-1.45121 0.825273
-0.333047 0.811927
-0.740352 0.672824
-0.459307 0.63036
-0.474858 0.518289
-0.846234 0.737375
-0.434761 0.899173
-1.46279 0.0427656
-1.2383 0.497562
-0.329128 0.818464
-3.08609 0.601243
-1.43746 0.249107
-1.67501 0.877941
-1.60767 0.519752
-0.517349 0.489202
-2.19998 0.350512
-1.03642 0.258676
-0.594726 0.651289
-1.24194 0.507911
-1.25754 0.533551
-0.605028 0.660838
-0.287163 0.786948
-0.979688 0.780472
-3.13524 0.600001
-0.227249 0.511313
-0.245112 0.809019
-1.10564 0.100221
-0.559089 0.611925
-0.894106 0.359699
-0.444643 0.267509
-2.14753 0.399991
-2.54182 0.0962891
-0.148947 0.0562775
-0.235884 0.488022
-1.96194 0.626156
-1.98285 0.748114
-1.08339 0.220354
-2.17773 0.7823
-0.238345 0.0514366
-0.200032 0.264912
-3.01916 0.0820655
-0.176463 0.636737
-0.235097 0.172268
-0.292767 0.609362
-0.518691 0.759688
-2.09329 0.373481
-1.00282 0.180343
-0.165562 0.286498
-1.2562 0.828409
-2.03409 0.500202
-1.888 0.694478
-0.742437 0.359619
-4.0551 0.411096
-0.494223 0.369685
-2.31782 0.359342
-1.09093 0.086248
-2.10699 0.42887
-0.506973 0.511031
-1.52505 0.720155
-0.455709 0.874892
-0.569452 0.604918
-1.16909 0.663467
-3.2028 0.36502
-0.105265 0.155624
-0.547027 0.81351
-5.0634 0.494722
-0.395863 0.494023
-1.06349 0.0783734
-3.2247 0.0141785
-1.65163 0.615057
-0.210696 0.0045957
-1.72686 0.0273124
-2.50001 0.828626
-1.66314 0.715438
-0.11167 0.875237
-0.567604 0.818424
-0.672056 0.407559
-0.71968 0.0851452
-0.258631 0.00418974
-0.73241 0.0359437
-0.511514 0.529119
-0.325657 0.218279
-0.154019 0.303647
-3.37697 0.186427
-1.41601 0.438127
-0.371307 0.325528
-0.653386 0.832462
-1.10033 0.0748452
-0.488018 0.330699
-0.587683 0.710315
-1.24302 0.742561
-0.424738 0.831053
-1.602 0.494651
-0.255524 0.150596
-3.6825 0.481288
-0.581799 0.137777
-0.531872 0.584729
-0.521391 0.622871
-0.326521 0.81256
-1.19221 0.32445
-4.77179 0.271975
-0.265338 0.409041
-0.33152 0.228699
-0.77302 0.817237
-0.242791 0.192512
-1.0083 0.335473
-0.274039 0.277915
-0.425192 0.371033
-0.567384 0.0260556
-0.122407 0.806233
-0.124008 0.524199
-0.247374 0.370804
-1.12031 0.372748
-4.20684 0.651977
-0.231779 0.274718
-3.2963 0.0539542
-1.16189 0.276663
-1.39329 0.75061
-0.105012 0.374991
-1.59213 0.510983
-1.37949 0.247012
-1.13898 0.616509
-2.61525 0.835875
-0.700588 0.896661
-2.76311 0.543993
-0.59476 0.794173
-2.78524 0.894121
-0.25043 0.330265
-0.147874 0.3039
-1.07006 0.138679
-0.607697 0.0336445
-1.01378 0.882094
-0.314831 0.330275
-2.4153 0.731676
-0.140266 0.610645
-0.244297 0.359007
-0.734113 0.501037
-0.550565 0.224515
-0.321457 0.285348
-0.819438 0.767863
-1.28532 0.506115
-1.82272 0.408066
-0.413965 0.439399
-0.46915 0.616306
-0.745302 0.680591
-0.186144 0.730799
-1.40991 0.803023
-1.32165 0.797599
-1.31472 0.89845
-1.15621 0.173184
-0.466243 0.835468
-2.13268 0.545368
-0.54478 0.349922
-0.464108 0.644937
-4.6329 0.726826
-1.62357 0.292395
-3.75246 0.899964
-1.36484 0.10596
-2.23173 0.337979
-1.37685 0.348929
-0.637339 0.6473
-3.67197 0.779971
-3.57646 0.587873
-0.571471 0.629175
-0.591416 0.798991
-1.3064 0.11536
-1.13351 0.598844
-0.685221 0.678257
-1.00225 0.206107
-2.19617 0.0616913
-0.124083 0.233152
-0.184773 0.548294
-0.271675 0.436523
-4.00594 0.820598
-2.48695 0.839618
-2.44804 0.752557
-0.62839 0.588675
-0.565184 0.516047
-0.37489 0.544089
-0.42601 0.54664
-0.404155 0.42283
-2.36297 0.646417
-0.702669 0.407518
-0.435338 0.111338
-1.42018 0.741027
-1.37891 0.56319
-1.13668 0.345224
-0.949649 0.329184
-1.73095 0.890467
-1.85744 0.565722
-2.93226 0.740371
-0.250824 0.188432
-0.807426 0.202906
-1.43447 0.504974
-4.32894 0.0902461
-0.557405 0.66768
-1.28395 0.490107
-0.537693 0.899996
-0.823191 0.838412
-0.1634 0.735936
-0.575912 0.572971
-0.840613 0.3923
-0.105149 0.662275
-0.35148 0.403966
-2.66241 0.549341
-2.41291 0.468115
-0.856797 0.229087
-0.418361 0.657532
-0.673915 0.364569
-1.77505 0.83095
-1.02861 0.119906
-2.05463 0.453356
-1.86401 0.23324
-2.23357 0.818106
-0.361912 0.732095
-0.492327 0.23828
-0.888165 0.833142
-5.33078 0.467579
-0.49315 0.505403
-0.206473 0.757358
-0.199694 0.625169
-0.353722 0.289079
-0.527564 0.580863
-4.37164 0.538806
-0.294108 0.49887
-0.30809 0.732228
-0.731371 0.682758
-0.256404 0.583315
-0.170091 0.885905
-1.35119 0.399836
-1.89114 0.709783
-0.835834 0.204776
-1.44146 0.644323
-1.19331 0.0457659
-0.527324 0.181096
-0.63346 0.115724
-1.47913 0.861298
-0.714655 0.15084
-1.2631 0.541607
-3.37226 0.727029
-0.384036 0.88525
-0.135789 0.612668
-2.83545 0.0637901
-1.57532 0.187045
-1.4487 0.121335
-0.229407 0.420234
-1.80047 0.392546
-2.78452 0.793681
-1.18962 0.10072
-0.505035 0.219249
-0.950583 0.878732
-1.07968 0.276664
-1.77507 0.548745
-0.132291 0.110065
-0.748788 0.126602
-0.234194 0.89653
-0.505622 0.289615
-2.07247 0.755468
-0.20428 0.385634
-0.785649 0.6874
-3.06787 0.206213
-0.734005 0.094242
-1.50385 0.817249
-0.357999 0.526119
-1.15329 0.507619
-1.92001 0.759913
-0.137862 0.393762
-2.05268 0.263532
-0.423669 0.30992
-0.434068 0.563151
-0.21059 0.216616
-0.999346 0.29708
-4.80493 0.65165
-1.0854 0.348985
-1.3358 0.411769
-2.10589 0.574087
-0.364108 0.828725
-0.668197 0.874028
-0.105349 0.386578
-3.86197 0.296987
-1.28754 0.576988
-0.166956 0.0662381
-2.06544 0.209716
-0.464334 0.443593
-0.820479 0.44517
-2.01471 0.313414
-0.573001 0.203614
-0.292053 0.117567
-0.697637 0.338608
-1.67712 0.371898
-1.37298 0.154116
-0.358271 0.410654
-0.219313 0.801597
-0.333049 0.896153
-0.170681 0.788462
-1.32289 0.898222
-1.39289 0.894532
-1.12099 0.214603
-2.34228 0.817778
-2.05784 0.327925
-0.7785 0.017384
-2.25784 0.0272768
-0.307246 0.122534
-0.41932 0.899161
-2.78663 0.782079
-0.587443 0.575716
-1.12324 0.0434806
-0.418316 0.794383
-0.585899 0.329982
-0.108101 0.740644
-0.185707 0.115737
-3.71262 0.0195502
-0.702846 0.425327
-1.48632 0.442002
-0.598545 0.128842
-2.70225 0.523592
-1.16976 0.273723
-0.663411 0.475849
-0.544969 0.0556381
-2.06489 0.318819
-1.35248 0.416124
-0.564674 0.330172
-1.86574 0.171432
-1.5601 0.659461
-1.29981 0.242288
-0.234735 0.373962
-4.24547 0.645667
-0.476587 0.57592
-1.01846 0.858879
-0.250744 0.498546
-0.724937 0.0352697
-3.81077 0.590721
-1.26534 0.557145
-3.07126 0.391007
-1.79168 0.862727
-0.314976 0.000942493
-0.975328 0.548565
-6.60959 0.293687
-0.827553 0.714182
-0.274994 0.800715
-0.121232 0.724077
-2.84609 0.105161
-0.140017 0.254459
-0.634881 0.181496
-1.16853 0.152579
-0.835453 0.867394
-0.26201 0.840844
-0.507834 0.47043
-0.375308 0.215113
-2.2508 0.827056
-2.0253 0.89592
-0.98418 0.488214
-1.01142 0.339968
-0.498183 0.121085
-1.08689 0.459201
-0.13663 0.74716
-1.27167 0.131284
-3.28295 0.349082
-0.431583 0.231253
-0.29359 0.890003
-1.07231 0.202558
-0.358817 0.562595
-3.53344 0.896052
-0.242825 0.598065
-0.338904 0.320737
-0.166465 0.695403
-0.152236 0.0815199
-1.95184 0.586948
-1.79729 0.761631
-2.8436 0.595153
-0.144557 0.48521
-1.26547 0.0391587
-0.143773 0.0202243
-0.490751 0.531768
-1.28934 0.17782
-2.10915 0.0177483
-0.573 0.393725
-0.256157 0.766788
-2.88506 0.270597
-2.36882 0.704535
-1.76613 0.807952
-2.43933 0.440831
-3.27209 0.100826
-0.206594 0.42854
-0.557133 0.742485
-0.210202 0.658834
-0.560011 0.0518959
-1.70801 0.433609
-0.227679 0.649827
-1.06541 0.523798
-2.91856 0.605508
-1.75999 0.596203
-0.483592 0.820926
-1.89405 0.467088
-0.479283 0.26799
-1.88589 0.709834
-0.48587 0.61184
-0.419202 0.324606
-0.169734 0.644662
-0.47706 0.572512
-1.14235 0.513373
-0.251489 0.0359841
-1.01917 0.892398
-1.16315 0.350019
-0.419746 0.0271602
-2.06227 0.712585
-0.659887 0.59481
-0.961693 0.71265
-0.889403 0.142103
-0.512714 0.410153
-2.12065 0.492737
-0.717177 0.553587
-1.13909 0.446254
-0.464806 0.087559
-0.729964 0.340576
-1.2132 0.244335
-1.95938 0.563781
-1.06339 0.726886
-1.59772 0.575751
-0.919336 0.151195
-0.69534 0.311648
-0.429017 0.333441
-2.79306 0.106642
-0.243644 0.474112
-1.05631 0.071849
-0.764335 0.872689
-0.157044 0.14526
-0.414372 0.499815
-0.635545 0.297123
-1.34107 0.0816231
-0.293253 0.748002
-0.264903 0.0890996
-1.15218 0.618107
-0.544901 0.193012
-0.224675 0.33121
-0.51971 0.249716
-1.44443 0.69923
-2.17404 0.564227
-0.468721 0.886221
-1.34563 0.209405
-0.19892 0.330612
-1.63371 0.638519
-0.401754 0.182147
-0.255263 0.261398
-0.91883 0.0545075
-3.04373 0.103195
-0.446235 0.427458
-1.7208 0.154107
-2.10145 0.122565
-0.743043 0.321953
-0.537562 0.129672
-1.22014 0.474071
-0.614996 0.0854196
-2.17598 0.063361
-0.704298 0.873386
-0.585783 0.533543
-0.330358 0.839599
-0.302964 0.421817
-1.82804 0.733394
-0.33537 0.72531
-0.722554 0.114618
-2.82562 0.722704
-0.895078 0.166918
-4.19223 0.563115
-0.284521 0.775782
-0.311236 0.686289
-1.51574 0.791646
-0.345652 0.429697
-0.127708 0.08903
-0.752739 0.28079
-0.586193 0.808332
-0.787047 0.173735
-0.955249 0.488356
-1.23761 0.637784
-0.494387 0.113213
-1.00311 0.293095
-4.62819 0.0957107
-0.396227 0.52663
-0.714488 0.664391
-0.194088 0.121132
-0.366479 0.779168
-2.41927 0.879464
-1.14164 0.105161
-0.391351 0.474823
-1.56574 0.0984945
-1.0584 0.582188
-0.260296 0.86521
-1.03534 0.00998802
-1.08135 0.429723
-0.11672 0.21636
-1.15744 0.650867
-1.22375 0.355596
-0.275246 0.50225
-1.73491 0.268626
-0.961653 0.757847
-2.11888 0.476497
-1.29028 0.0505118
-1.49273 0.841248
-0.690817 0.611462
-0.32787 0.280697
-0.364897 0.350798
-0.56539 0.0735855
-0.773865 0.449197
-1.06571 0.772427
-0.121853 0.216648
-0.174519 0.291626
-0.516843 0.16428
-0.705915 0.536164
-1.28072 0.211811
-0.390148 0.27862
-0.929853 0.492877
-1.77472 0.369996
-0.275126 0.320591
-0.558675 0.437118
-1.35193 0.885773
-3.40588 0.596939
-2.31816 0.521423
-0.516513 0.696278
-1.18134 0.272586
-0.14359 0.732016
-1.26382 0.735242
-1.26357 0.893114
-1.10469 0.425969
-0.600092 0.465047
-1.3074 0.70152
-1.4136 0.0506635
-0.936054 0.382503
-1.08261 0.361225
-0.293304 0.453609
-0.874491 0.201447
-0.544017 0.281947
-0.5168 0.867457
-0.474039 0.317333
-2.29223 0.441047
-2.35878 0.0471681
-0.497071 0.643952
-0.19731 0.280799
-3.76154 0.816662
-2.6962 0.736279
-0.360092 0.817637
-1.02132 0.491171
-1.5104 0.131365
-0.747988 0.283031
-0.285674 0.521429
-0.3784 0.121969
-0.871013 0.444765
-0.359651 0.482164
-2.15583 0.713674
-1.56443 0.0875538
-0.145713 0.612911
-3.27967 0.694345
-1.77427 0.871581
-2.41317 0.426752
-3.99959 0.691822
-1.09483 0.578375
-1.09059 0.342201
-1.79328 0.5401
-0.612248 0.450205
-3.15899 0.286498
-1.38157 0.392025
-0.715613 0.616299
-2.62619 0.533156
-0.93563 0.225287
-0.863294 0.817975
-3.28212 0.654354
-0.257037 0.0727473
-0.728903 0.406359
-1.35073 0.897552
-1.75301 0.338797
-0.759998 0.01413
-0.448929 0.632819
-0.698437 0.302885
-1.18075 0.0498026
-2.58237 0.649198
-1.42627 0.284086
-0.896366 0.540303
-2.02219 0.567435
-0.293824 0.416408
-1.76932 0.569026
-0.632987 0.781225
-0.23446 0.779832
-0.332862 0.0187913
-0.447521 0.607482
-0.238314 0.135504
-0.456779 0.306495
-2.89023 0.763871
-0.910552 0.754554
-0.879624 0.129388
-1.01359 0.0322986
-2.94409 0.300544
-0.54135 0.601082
-0.197033 0.665199
-1.04598 0.214288
-2.99933 0.492576
-0.929805 0.0420986
-0.607807 0.0517013
-1.73582 0.211413
-0.705566 0.465355
-1.14168 0.0229512
-0.402557 0.425594
-1.33064 0.806833
-0.798806 0.0463196
-0.317765 0.517696
-1.48097 0.524918
-0.161282 0.55965
-0.750964 0.714679
-0.88809 0.441135
-0.676751 0.53893
-0.909517 0.0972729
-0.539753 0.199725
-0.491462 0.614071
-1.81207 0.768336
-2.71736 0.0488097
-2.88466 0.766161
-2.19542 0.118547
-0.449756 0.353585
-1.82888 0.694004
-0.353215 0.19774
-0.149983 0.0711166
-1.42312 0.217231
-1.22807 0.0256539
-0.389314 0.160916
-2.61387 0.0366128
-3.11866 0.808024
-0.59827 0.0503663
-0.30902 0.64116
-0.526949 0.138131
-0.347754 0.0242388
-1.38521 0.234497
-0.122606 0.0962638
-0.254735 0.485229
-6.24613 0.258678
-0.703776 0.799144
-1.949 0.500517
-2.7759 0.358415
-0.82514 0.375505
-0.149839 0.845447
-1.68133 0.16756
-1.76695 0.89402
-2.36154 0.0756559
-1.38375 0.831804
-0.621934 0.0846682
-1.68495 0.473005
-0.693255 0.055878
-2.78554 0.354617
-0.518636 0.693507
-0.117228 0.470951
-0.630267 0.124126
-2.27921 0.161765
-0.948401 0.658181
-1.95581 0.737364
-1.26786 0.17191
-0.19092 0.507128
-1.63938 0.209999
-2.67296 0.636865
-2.1064 0.70774
-1.71365 0.68948
-0.733503 0.611154
-0.83144 0.00717342
-1.34278 0.377415
-1.64406 0.739899
-0.564222 0.342036
-1.23192 0.799353
-3.00277 0.810133
-0.242291 0.845063
-0.271548 0.293497
-0.349421 0.566066
-0.93789 0.670958
-7.65876 0.436601
-0.513751 0.34072
-0.112523 0.049404
-0.384345 0.365895
-1.31137 0.650195
-1.44519 0.59644
-0.136193 0.177715
-0.386431 0.292572
-0.630055 0.711056
-2.32391 0.447996
-1.01386 0.679067
-1.41522 0.505996
-0.661419 0.466216
-0.191487 0.1349
-1.76655 0.883218
-0.16194 0.123651
-0.302898 0.0566682
-1.57593 0.500818
-0.464355 0.0682188
-0.45957 0.620095
-0.666468 0.451086
-0.907543 0.528688
-1.20486 0.420345
-2.33014 0.481126
-2.21282 0.656456
-0.971306 0.599165
-1.19385 0.171776
-1.04735 0.753316
-1.30228 0.632142
-1.26858 0.167593
-3.42323 0.256072
-1.07511 0.188924
-4.65339 0.729793
-1.13456 0.00937143
-2.5917 0.573815
-0.453678 0.379441
-0.307785 0.189642
-1.44207 0.323164
-1.0658 0.803367
-0.213269 0.6043
-0.932254 0.343573
-0.276433 0.592646
-0.264585 0.410271
-2.19737 0.26847
-2.00154 0.0100518
-1.64636 0.495053
-5.07852 0.591878
-0.73045 0.494803
-2.05988 0.697149
-0.107134 0.246185
-0.515441 0.520868
-1.27584 0.321822
-2.1624 0.240052
-0.707085 0.776339
-3.62708 0.680723
-1.16973 0.547729
-0.177384 0.641662
-0.65093 0.0493476
-0.545761 0.154754
-0.689293 0.758643
-1.28556 0.442219
-0.224072 0.36403
-0.378274 0.787354
-1.49195 0.135026
-0.53749 0.661153
-2.19786 0.231854
-0.78117 0.49283
-1.84897 0.595563
-0.379972 0.177577
-0.810499 0.742428
-1.47255 0.0798797
-1.03788 0.53385
-4.84998 0.627768
-1.32127 0.423005
-1.56425 0.149647
-0.277232 0.511354
-0.918953 0.520583
-0.525593 0.297651
-2.62616 0.615641
-0.43409 0.894992
-0.657171 0.575067
-0.654368 0.771858
-1.48429 0.698185
-1.89472 0.83269
-0.497723 0.0107008
-1.83338 0.855031
-0.426655 0.650852
-0.354691 0.707268
-0.383709 0.223411
-0.665222 0.790621
-1.36026 0.275164
-2.31555 0.752861
-0.611903 0.371802
-0.509029 0.614782
-2.12538 0.155221
-3.49614 0.871793
-1.03825 0.501709
-2.84853 0.466984
-3.44878 0.754616
-1.57554 0.731781
-1.02585 0.395267
-1.69834 0.0914661
-0.737613 0.840314
-1.16403 0.471197
-3.00149 0.307467
-0.848565 0.824862
-1.11284 0.0602995
-0.58218 0.784047
-0.725471 0.552771
-0.382362 0.742734
-0.948339 0.583819
-0.69772 0.148932
-5.8167 0.700989
-0.829805 0.14568
-2.3209 0.228091
-0.388709 0.168815
-0.643347 0.232239
-0.933028 0.523606
-1.44567 0.202628
-0.701527 0.129897
-0.236035 0.780172
-2.40582 0.0470579
-1.83574 0.739599
-1.01008 0.165581
-3.94282 0.860296
-5.49903 0.0368266
-1.12552 0.687636
-1.24476 0.252695
-0.11608 0.395598
-0.159914 0.671537
-0.174382 0.752382
-0.238081 0.658685
-0.143481 0.474757
-0.104738 0.795601
-0.314222 0.686126
-0.462303 0.138902
-0.363846 0.677663
-0.602843 0.735042
-0.225787 0.572747
-0.500684 0.011323
-1.08478 0.144942
-0.880616 0.0460275
-2.54445 0.510554
-0.81508 0.483203
-2.35077 0.311322
-0.384247 0.833381
-0.745856 0.460256
-0.640229 0.88477
-0.770656 0.401196
-2.86597 0.789983
-0.369111 0.457295
-1.3788 0.56802
-0.961061 0.650722
-0.259073 0.435468
-0.234088 0.44057
-2.51616 0.85212
-0.182248 0.606503
-0.343475 0.370043
-0.392721 0.370327
-1.10897 0.729685
-0.371495 0.640246
-0.940239 0.496882
-0.197652 0.664827
-0.277886 0.789714
-0.427173 0.0917157
-0.821837 0.398067
-3.3127 0.671434
-0.885533 0.535701
-0.365661 0.896621
-2.84883 0.782396
-0.649042 0.519714
-0.982315 0.41097
-1.02406 0.894099
-0.250238 0.404454
-1.31898 0.128903
-0.154081 0.104353
-1.09124 0.414845
-1.12495 0.238897
-2.49325 0.576179
-0.421774 0.0421294
-0.371161 0.241571
-0.316432 0.00598532
-0.25624 0.0850369
-1.03057 0.503163
-2.94887 0.322899
-0.35688 0.280931
-4.25926 0.626456
-2.98483 0.623439
-1.96964 0.654612
-1.35735 0.814007
-4.1153 0.88811
-1.09467 0.385779
-1.70768 0.0626218
-0.187396 0.50668
-1.40217 0.670443
-0.774804 0.320562
-2.06456 0.884219
-1.06013 0.407437
-0.62451 0.233874
-0.447314 0.157084
-0.135352 0.807287
-0.689017 0.219825
-0.664242 0.743789
-1.84446 0.00239941
-0.363128 0.678462
-1.13914 0.143789
-0.172894 0.358555
-1.87068 0.288059
-1.0692 0.670892
-1.1517 0.517674
-0.495617 0.646538
-3.26176 0.155632
-0.12572 0.797045
-2.03327 0.283503
-0.831375 0.824228
-0.360548 0.313973
-0.427867 0.489838
-0.416918 0.236564
-1.30631 0.681537
-1.52133 0.619584
-0.562399 0.726055
-0.772793 0.783876
-0.390632 0.051766
-1.72559 0.811677
-0.231937 0.258679
-0.577351 0.736451
-0.428913 0.237571
-1.16049 0.85267
-1.80534 0.652138
-0.618385 0.542005
-0.40127 0.33581
-0.397751 0.702094
-1.08476 0.13778
-2.1723 0.559544
-0.465079 0.664422
-1.49928 0.637184
-0.25596 0.75173
-1.23136 0.85924
-1.93862 0.790143
-3.58234 0.23681
-0.161657 0.368596
-1.62655 0.265591
-0.794481 0.777988
-1.81792 0.0758441
-0.592879 0.40057
-0.523869 0.627336
-0.257541 0.293576
-1.00207 0.523333
-2.00943 0.208061
-1.11623 0.489731
-0.781796 0.629934
-0.358208 0.756742
-1.8776 0.132669
-0.903525 0.409973
-0.594806 0.435751
-0.387182 0.31298
-0.993913 0.294036
-1.40011 0.455688
-0.400605 0.0430337
-0.564938 0.473388
-0.183859 0.17541
-0.392278 0.432434
-1.20374 0.510496
-0.844551 0.290456
-0.682098 0.681347
-0.999333 0.41559
-0.152038 0.343698
-0.826363 0.243553
-0.765281 0.720056
-0.209312 0.288691
-2.2535 0.293318
-0.108317 0.565494
-0.446884 0.0580569
-0.48765 0.219759
-2.85175 0.705494
-0.337135 0.263979
-0.904187 0.880034
-0.779154 0.472655
-0.201427 0.083489
-0.588551 0.712992
-0.51734 0.729066
-0.629887 0.292503
-0.330424 0.114254
-1.85759 0.291356
-0.445043 0.883191
-0.890091 0.6076
-1.04596 0.241759
-1.20381 0.0905879
-0.386066 0.521224
-0.812058 0.793796
-2.6221 0.3764
-0.730838 0.444354
-0.523845 0.70668
-3.03651 0.889863
-0.590785 0.842886
-0.494237 0.853363
-0.386836 0.269919
-4.45962 0.573397
-0.992396 8.02179e-005
-0.546418 0.388123
-1.90208 0.237794
-1.16877 0.679868
-0.272039 0.412358
-0.663405 0.884272
-0.443995 0.900413
-1.34604 0.308253
-0.934713 0.46418
-1.8385 0.597941
-0.120563 0.283815
-0.14639 0.0369552
-0.338194 0.899537
-2.14283 0.747397
-1.47685 0.34163
-0.46147 0.38171
-2.04716 0.208308
-2.90064 0.460036
-0.458061 0.556854
-0.155906 0.533255
-0.49049 0.662811
-0.249941 0.363229
-0.336995 0.0432553
-0.99322 0.347104
-0.22611 0.201886
-5.1839 0.0908307
-0.862668 0.655458
-1.46687 0.228721
-0.620921 0.691455
-0.405275 0.852602
-1.97689 0.571857
-0.32681 0.758814
-2.7302 0.526168
-0.186797 0.565923
-1.31732 0.657408
-0.376534 0.857116
-3.01902 0.194976
-1.39864 0.694384
-0.733714 0.358514
-2.90125 0.529448
-0.801465 0.298539
-2.33234 0.305328
-0.248745 0.133849
-0.712151 0.396502
-0.842919 0.796653
-2.75337 0.522788
-0.230092 0.750943
-1.20762 0.0685399
-1.41119 0.179286
-2.02827 0.806671
-1.94253 0.172751
-0.923839 0.0619397
-4.98092 0.224707
-0.201497 0.20241
-0.113919 0.0931608
-1.44903 0.827949
-1.04966 0.0682818
-1.38637 0.412473
-0.122286 0.777959
-0.2258 0.880731
-0.706637 0.531445
-0.277152 0.0601774
-1.75132 0.361165
-1.0322 0.110989
-0.428617 0.747072
-1.09674 0.613978
-1.26981 0.580796
-1.51586 0.363828
-0.194312 0.0401082
-1.44943 0.104265
-0.629858 0.730653
-0.615763 0.0316826
-0.190726 0.263664
-0.743167 0.787633
-0.131034 0.536541
-2.99395 0.741626
-0.411461 0.27418
-0.22205 0.147569
-0.889883 0.699715
-0.336866 0.860026
-0.319556 0.600365
-0.753367 0.249804
-0.72328 0.64652
-1.48793 0.746921
-0.737699 0.0267979
-0.423258 0.380459
-0.13055 0.122598
-1.85934 0.00391989
-1.39857 0.614358
-0.501976 0.452091
-0.539903 0.130451
-0.292539 0.388717
-1.07388 0.386278
-0.92519 0.0216388
-1.6942 0.723594
-0.33293 0.0928718
-0.224762 0.350172
-1.23694 0.00453491
-0.902328 0.654272
-1.12396 0.306212
-0.733088 0.606462
-3.46999 0.0693802
-1.46515 0.66591
-0.435321 0.233869
-0.119394 0.308718
-0.386727 0.0475059
-0.503749 0.298604
-0.453161 0.511746
-1.26179 0.535599
-0.868645 0.301859
-2.92538 0.334654
-1.569 0.219303
-0.927828 0.6532
-0.400634 0.0749437
-1.08251 0.712125
-0.758768 0.82984
-1.60745 0.752277
-1.3261 0.817508
-0.88669 0.726696
-0.221308 0.666003
-3.22008 0.392592
-1.57249 0.162573
-0.339675 0.538578
-3.54553 0.506816
-0.700097 0.179654
-0.272465 0.682215
-2.04055 0.493059
-3.05968 0.264725
-0.459227 0.324005
-2.23298 0.266506
-0.297752 0.858791
-0.108865 0.296187
-0.353003 0.0752263
-0.80932 0.639353
-0.321369 0.200313
-0.520025 0.853465
-1.7621 0.725269
-0.685749 0.345348
-0.994071 0.32209
-1.43782 0.145067
-0.143098 0.892531
-1.20651 0.145863
-1.03463 0.693937
-0.709796 0.0346709
-2.3276 0.554934
-2.68992 0.0472058
-0.472641 0.143622
-0.920219 0.388248
-0.753671 0.206546
-0.550997 0.249674
-0.154536 0.730422
-0.386349 0.88517
-0.952003 0.650166
-0.944142 0.617132
-1.24078 0.0661089
-1.68661 0.505008
-0.247888 0.675808
-0.497326 0.734235
-0.888646 0.0538739
-1.17437 0.328065
-0.864859 0.408379
-0.401577 0.600899
-1.31831 0.219174
-0.901735 0.39245
-0.210666 0.223899
-0.3333 0.76317
-2.27383 0.4433
-0.762299 0.664148
-0.234461 0.4322
-0.815356 0.880447
-2.0364 0.483369
-0.651792 0.308478
-0.602972 0.435469
-0.125044 0.169261
-0.164567 0.134862
-0.870228 0.608831
-0.416014 0.273433
-0.152361 0.215955
-0.276112 0.424846
-0.50217 0.188005
-2.98551 0.301118
-0.349179 0.0286471
-0.66268 0.152442
-0.881747 0.800207
-1.5416 0.271976
-0.645071 0.414147
-0.872521 0.457292
-1.20383 0.136781
-0.635595 0.278878
-0.119627 0.802834
-1.12695 0.549633
-2.03777 0.373382
-0.150979 0.374393
-0.518189 0.246856
-1.11662 0.778381
-2.38793 0.665978
-1.09437 0.313508
-0.467189 0.604341
-0.748218 0.876483
-0.269525 0.585035
-0.153559 0.0843991
-0.259893 0.573417
-1.31099 0.46861
-0.125932 0.564941
-0.760084 0.410123
-4.66494 0.396213
-0.186392 0.150685
-2.67473 0.434517
-1.08683 0.468001
-0.921295 0.850834
-0.657583 0.515144
-0.206374 0.565204
-3.30273 0.83108
-0.278752 0.626001
-0.335879 0.743528
-0.555342 0.31665
-0.839758 0.316719
-0.485762 0.117788
-0.437606 0.569191
-0.748564 0.237498
-0.448126 0.125937
-2.17083 0.303767
-0.84883 0.0386751
-1.6392 0.865784
-0.326607 0.481023
-0.88311 0.0498875
-0.658354 0.299294
-0.515248 0.116373
-0.922472 0.520703
-0.400782 0.742989
-2.9362 0.869734
-1.4399 0.779332
-4.1263 0.762909
-0.676372 0.400848
-0.432402 0.332343
-0.273972 0.102902
-1.19943 0.706674
-1.70891 0.0748467
-0.837844 0.54407
-0.290655 0.286532
-2.71507 0.117925
-1.61753 0.867473
-0.404372 0.458499
-0.272859 0.35142
-0.764829 0.39835
-3.10324 0.0378936
-0.968755 0.599592
-1.25829 0.435631
-0.846051 0.854589
-0.530888 0.326234
-2.4729 0.100952
-0.353279 0.503165
-0.225663 0.683529
-0.499582 0.55058
-0.724763 0.118058
-2.81136 0.862464
-0.230376 0.515466
-0.978986 0.250522
-0.158335 0.507717
-1.86139 0.430209
-0.805726 0.869362
-0.945237 0.0269812
-0.806537 0.399019
-2.37351 0.0440224
-0.662033 0.612967
-0.28417 0.86074
-0.311342 0.209653
-0.949894 0.852861
-0.177957 0.604128
-0.349981 0.00542549
-0.421039 0.277121
-0.360324 0.0563631
-1.02955 0.226632
-0.290891 0.527046
-0.596616 0.775093
-0.202293 0.0721072
-1.20104 0.0149282
-0.563487 0.3042
-2.24325 0.681285
-0.273384 0.667805
-1.13441 0.3284
-0.150898 0.126844
-0.35082 0.704187
-2.02923 0.111755
-0.248325 0.229895
-1.55707 0.016115
-0.38741 0.12722
-1.39065 0.663236
-0.351487 0.114194
-1.04846 0.376089
-0.412477 0.161447
-3.81781 0.266486
-2.57433 0.0549483
-0.322944 0.327932
-4.99105 0.618499
-2.29768 0.709666
-0.96512 0.846836
-2.99421 0.157972
-0.237852 0.600451
-1.94583 0.286768
-5.69041 0.220087
-0.52232 0.267289
-1.30279 0.157811
-0.973489 0.397811
-1.48813 0.827214
-1.41581 0.636144
-1.50019 0.593905
-0.778302 0.860913
-0.862279 0.38719
-0.161918 0.523821
-0.200073 0.892233
-0.600876 0.197808
-2.42137 0.317657
-0.347582 0.260355
-1.09299 0.491457
-0.766053 0.233811
-1.89578 0.47034
-2.40555 0.835969
-0.385254 0.605723
-0.145695 0.303609
-1.7239 0.365248
-1.94853 0.31299
-0.114854 0.203277
-0.790936 0.197999
-0.360612 0.563254
-0.229614 0.470353
-0.580421 0.681876
-0.313677 0.784623
-0.956634 0.619775
-2.18364 0.380342
-1.27128 0.0442017
-0.378562 0.809576
-0.171052 0.826026
-3.36897 0.794709
-0.993667 0.581935
-0.675411 0.00900965
-0.374366 0.603676
-0.645021 0.119998
-2.53903 0.219935
-0.28819 0.777393
-0.553673 0.166704
-0.7726 0.189361
-0.99265 0.336555
-1.06403 0.140769
-3.38019 0.857656
-2.28686 0.745508
-1.77074 0.645921
-0.615699 0.39233
-0.8631 0.249056
-3.06288 0.376494
-0.62934 0.136835
-0.129851 0.21044
-0.436531 0.890489
-1.48185 0.38509
-0.26667 0.776694
-1.00531 0.486744
-0.388551 0.249505
-0.425474 0.166288
-1.49852 0.30911
-1.64499 0.478419
-0.454509 0.709258
-2.46606 0.562624
-0.159776 0.0628139
-0.25144 0.167509
-0.759469 0.0414683
-0.491908 0.825762
-0.888171 0.508292
-0.900769 0.259481
-5.32492 0.560108
-3.27223 0.183837
-1.76556 0.253601
-0.261952 0.192076
-1.38167 0.769722
-1.11771 0.761501
-0.434068 0.215457
-0.699799 0.21103
-0.311899 0.193376
-1.34342 0.680812
-1.03435 0.242027
-0.301289 0.750631
-0.615388 0.218568
-0.167045 0.793195
-0.913486 0.278134
-2.03382 0.643969
-0.538375 0.644554
-0.729204 0.397404
-1.10265 0.693589
-2.42482 0.395774
-0.110811 0.549487
-1.42295 0.0521325
-1.17545 0.468294
-2.29235 0.0729897
-0.116014 0.581415
-1.61711 0.850586
-3.83811 0.439832
-1.64818 0.467573
-2.82988 0.636256
-0.193356 0.492491
-1.66931 0.711121
-5.40129 0.702436
-0.249478 0.537155
-3.48679 0.463325
-0.608504 0.8972
-0.227713 0.602601
-1.26854 0.518949
-0.266019 0.656839
-0.420519 0.0632926
-1.74163 0.759305
-1.08937 0.831004
-0.743888 0.227366
-1.08394 0.074976
-0.59017 0.840172
-0.792731 0.416787
-0.182895 0.136027
-0.866359 0.350785
-1.6961 0.899309
-1.61604 0.236874
-1.70477 0.618753
-0.166822 0.889587
-1.19418 0.394618
-1.64543 0.0109074
-1.04048 0.647161
-1.14483 0.692879
-1.53393 0.254905
-1.62155 0.0559985
-0.105047 0.313882
-1.24637 0.299064
-0.109666 0.430817
-0.510712 0.866179
-1.31625 0.0907535
-0.370587 0.356355
-0.769798 0.242686
-0.120579 0.259145
-0.557862 0.853681
-2.02705 0.20196
-0.512552 0.842733
-2.67879 0.338253
-1.23243 0.670595
-0.472238 0.104873
-0.295448 0.181676
-7.8014 0.346684
-0.414531 0.612749
-0.54837 0.133035
-1.81693 0.571728
-0.156335 0.603592
-0.613562 0.596991
-0.77779 0.208324
-0.275616 0.464139
-0.233399 0.235326
-1.7988 0.759275
-0.501144 0.86566
-1.18451 0.821302
-0.678981 0.587839
-0.796112 0.555696
-0.824573 0.26818
-1.66773 0.880779
-0.91249 0.768179
-1.68996 0.557373
-1.42625 0.44676
-1.17301 0.247785
-0.22516 0.465743
-1.17497 0.481012
-1.0971 0.872178
-1.37918 0.0347882
-8.60601 0.73623
-0.32119 0.362929
-0.580613 0.43905
-2.60711 0.74412
-0.642251 0.237861
-2.93606 0.298006
-2.07972 0.0305612
-0.619635 0.805885
-0.329636 0.10272
-1.94524 0.12493
-0.362577 0.858647
-0.142877 0.063354
-0.791513 0.46596
-1.0696 0.63615
-0.63067 0.207461
-0.175168 0.24827
-1.92232 0.0329493
-2.07741 0.306933
-0.400102 0.534633
-2.33053 0.515307
-0.953527 0.723943
-0.502707 0.250311
-1.44531 0.231606
-2.56473 0.809598
-0.140814 0.182736
-0.631435 0.120074
-0.456542 0.448785
-1.37926 0.251531
-0.421468 0.353577
-0.326614 0.671564
-0.577214 0.789373
-2.71325 0.634651
-0.735465 0.313261
-0.428686 0.569502
-1.37587 0.233411
-2.38765 0.60963
-0.296509 0.282542
-1.02276 0.686282
-0.407108 0.348566
-0.318513 0.384637
-3.23628 0.185464
-1.30721 0.58369
-0.632738 0.401118
-0.195603 0.709146
-1.14459 0.16214
-0.352854 0.453354
-0.155812 0.341183
-0.208309 0.0180344
-2.48396 0.85801
-0.54143 0.0105375
-2.77929 0.47339
-4.36262 0.756478
-3.40748 0.562982
-1.00103 0.756339
-2.14575 0.465338
-1.71469 0.150435
-2.35643 0.570047
-0.294049 0.659047
-0.595872 0.452022
-0.229473 0.713297
-1.30862 0.704903
-2.34497 0.0368569
-0.601735 0.306315
-1.18285 0.149145
-0.263058 0.0473491
-0.191227 0.166104
-0.728844 0.831951
-1.79914 0.460034
-0.971452 0.443392
-0.230849 0.421068
-0.46303 0.406675
-0.617047 0.761483
-0.339845 0.256439
-3.74727 0.457267
-2.76 0.631125
-0.921642 0.772089
-1.40554 0.394425
-0.312377 0.750431
-0.155511 0.698263
-0.496084 0.249582
-0.703298 0.0783029
-1.65374 0.77674
-2.85437 0.363843
-1.71321 0.534534
-0.536071 0.767424
-0.500389 0.340368
-0.327759 0.184203
-1.10008 0.0375444
-0.726444 0.313838
-0.82126 0.743643
-4.03258 0.204659
-1.57993 0.413821
-0.177962 0.595812
-0.278209 0.360822
-0.335212 0.639395
-0.985246 0.609902
-2.31053 0.343818
-0.134979 0.78576
-3.42621 0.0313508
-1.62889 0.23477
-0.786764 0.177519
-0.614767 0.113587
-0.462472 0.791294
-1.40647 0.696037
-0.25604 0.0773105
-0.241675 0.841188
-1.68857 0.481841
-1.89069 0.708426
-0.449157 0.523426
-1.46107 0.0105641
-0.8226 0.259207
-2.59344 0.867011
-0.187027 0.885785
-1.70537 0.543224
-4.28555 0.754898
-1.06241 0.389335
-1.56346 0.0376854
-0.56252 0.427565
-0.393594 0.23008
-1.65096 0.495407
-2.73291 0.854866
-0.533299 0.554325
-0.380247 0.438752
-1.08109 0.679614
-2.83872 0.48076
-1.0801 0.0222969
-0.961996 0.527074
-2.80315 0.807989
-2.34995 0.663833
-0.106535 0.352921
-0.408287 0.200302
-1.04533 0.419231
-0.796535 0.0201384
-0.225639 0.155591
-3.8423 0.552685
-3.50137 0.373038
-0.421648 0.352778
-1.70534 0.473894
-2.45415 0.415621
-0.171521 0.517424
-0.222205 0.324976
-2.43962 0.628438
-1.1895 0.834242
-0.842932 0.128571
-0.274785 0.309619
-0.287548 0.203826
-3.26685 0.0546151
-0.23112 0.652757
-0.531847 0.528087
-3.55855 0.685304
-0.767561 0.287252
-0.56563 0.595138
-1.32264 0.124424
-2.00084 0.665054
-0.35318 0.343559
-1.1028 0.0701765
-0.693506 0.83344
-1.01914 0.0502092
-0.362434 0.0303605
-3.01548 0.443312
-1.46528 0.28063
-1.39657 0.421651
-1.0208 0.550541
-2.34591 0.168215
-0.349095 0.342233
-1.05215 0.728508
-1.88501 0.780257
-1.01169 0.455597
-0.55875 0.599548
-2.5075 0.0249397
-2.09188 0.202365
-3.23578 0.268409
-0.770582 0.844181
-1.23672 0.866683
-0.767731 0.55201
-0.364348 0.0129302
-0.504076 0.510656
-1.74148 0.185562
-0.114766 0.88792
-1.25442 0.664258
-0.167029 0.833253
-0.93074 0.237522
-0.563732 0.0915118
-1.67389 0.600055
-0.536962 0.256095
-1.52994 0.242399
-0.878182 0.841677
-2.37059 0.579533
-1.21421 0.284491
-0.166894 0.182489
-1.66507 0.648982
-1.16286 0.776662
-0.381387 0.485806
-0.274407 0.115157
-2.33627 0.713185
-0.402835 0.870409
-1.50785 0.134685
-3.01692 0.0930668
-0.832226 0.0754287
-2.36741 0.313441
-0.19426 0.222508
-0.767933 0.0477756
-1.21281 0.630937
-1.91347 0.382226
-0.522168 0.689362
-0.952581 0.679818
-0.797498 0.0319258
-0.398682 0.426167
-1.26399 0.532532
-0.285032 0.754987
-0.667217 0.217531
-0.74214 0.545884
-1.72724 0.651945
-2.863 0.873534
-0.304122 0.418527
-0.628669 0.147054
-0.862575 0.222227
-2.54752 0.0468797
-3.51899 0.291939
-0.349755 0.621955
-0.452162 0.228656
-0.635252 0.183816
-0.360918 0.699782
-1.10558 0.202607
-1.10429 0.0802756
-0.151368 0.298869
-0.679064 0.31658
-0.380988 0.846534
-0.539457 0.549101
-0.598021 0.28174
-1.7512 0.316848
-0.176435 0.735126
-0.986739 0.5911
-0.551688 0.138081
-1.83545 0.75851
-0.194543 0.0934624
-0.408849 0.491764
-2.34302 0.121251
-2.4366 0.000783524
-0.512789 0.179117
-0.383649 0.380826
-0.493168 0.337483
-0.309044 0.752395
-0.501976 0.116183
-0.251907 0.811457
-2.402 0.362376
-0.298369 0.0579195
-0.366932 0.143263
-0.718673 0.236729
-4.46419 0.588929
-1.92339 0.487785
-0.309461 0.478112
-0.989473 0.50709
-0.9901 0.612438
-1.15116 0.373939
-0.428705 0.611901
-0.768374 0.38352
-1.25451 0.839553
-0.130756 0.446339
-2.04909 0.33553
-0.363628 0.146261
-0.31721 0.846713
-1.58868 0.463021
-0.163478 0.840982
-1.44536 0.0533559
-0.482041 0.0196856
-0.970758 0.385532
-0.33844 0.311426
-0.778022 0.0617729
-0.254298 0.0806834
-0.200002 0.110064
-0.817476 0.84303
-0.234643 0.28932
-1.26853 0.0736827
-0.429144 0.549363
-0.549176 0.00926783
-0.312084 0.215468
-0.186342 0.813657
-0.321049 0.680155
-1.1972 0.18289
-0.309988 0.702063
-0.404952 0.0340935
-0.24448 0.611789
-0.282886 0.866092
-0.167393 0.6412
-0.747905 0.112205
-0.509359 0.67973
-0.257975 0.479644
-2.33665 0.155138
-1.83316 0.330625
-0.655866 0.745777
-0.416041 0.894005
-2.43682 0.800655
-1.65868 0.268752
-0.105227 0.23172
-0.183372 0.645821
-0.468512 0.170201
-0.439809 0.474872
-0.438737 0.52055
-0.997782 0.82665
-0.237162 0.423041
-2.76552 0.523064
-1.30419 0.420438
-1.32212 0.809857
-1.29005 0.772137
-2.08987 0.254113
-0.401253 0.646608
-0.727515 0.510936
-0.732439 0.687169
-0.578753 0.729366
-2.0504 0.156975
-0.19755 0.85404
-0.437688 0.0490469
-0.234838 0.713395
-0.576702 0.718232
-0.444227 0.157303
-1.15738 0.504341
-0.898745 0.518888
-3.34253 0.619337
-1.52735 0.0732569
-1.41854 0.252114
-0.964915 0.898376
-1.35768 0.708532
-1.8046 0.672653
-1.23205 0.409415
-2.72443 0.428127
-3.01314 0.51597
-0.389799 0.630697
-1.20321 0.324745
-2.40136 0.688282
-0.128536 0.542309
-0.240801 0.811447
-0.542535 0.797095
-0.221856 0.815139
-0.354007 0.151766
-0.830409 0.311711
-0.819944 0.863119
-0.296737 0.877693
-0.772059 0.0363751
-0.491378 0.636719
-1.52102 0.0871015
-0.828961 0.851036
-0.835946 0.111246
-0.204496 0.201363
-0.759758 0.631229
-0.8641 0.425166
-1.19636 0.534549
-1.74852 0.183629
-0.486238 0.820677
-0.570054 0.116621
-0.195958 0.422061
-0.218388 0.182646
-0.183348 0.325497
-0.309679 0.617159
-0.366678 0.75592
-0.442421 0.809785
-0.680116 0.684782
-1.45767 0.00487661
-1.75463 0.723481
-0.372389 0.64065
-0.365603 0.11293
-0.211415 0.0107668
-0.508778 0.273023
-1.12266 0.724035
-1.69821 0.531836
-1.9582 0.689032
-0.145346 0.748123
-0.65637 0.542179
-1.08356 0.532457
-1.29688 0.0378627
-0.264092 0.879945
-0.653765 0.684348
-0.767178 0.88666
-0.838074 0.49922
-0.745331 0.55949
-0.750164 0.0815886
-1.00037 0.379153
-1.85126 0.177014
-0.437144 0.684559
-0.549276 0.0930162
-2.36637 0.568878
-0.421956 0.857253
-0.246589 0.0206787
-0.44913 0.0365394
-1.37968 0.729306
-0.974352 0.502721
-0.255148 0.397754
-0.110865 0.383914
-0.467959 0.749584
-1.60281 0.584319
-0.980926 0.78937
-0.543744 0.349731
-0.295426 0.357814
-1.08844 0.799899
-0.202329 0.840343
-0.48496 0.262257
-2.11285 0.404085
-0.341845 0.820616
-0.175848 0.00382692
-0.279745 0.816169
-0.419982 0.705294
-1.31527 0.634786
-2.11706 0.418149
-1.46749 0.67414
-0.960775 0.839502
-1.96718 0.486279
-1.82351 0.550286
-0.795369 0.829494
-0.385009 0.523832
-0.319598 0.258748
-1.23947 0.169811
-0.378414 0.721238
-1.32292 0.450152
-0.397981 0.553865
-0.608527 0.0621626
-0.472619 0.293141
-0.356002 0.454127
-0.874956 0.284298
-0.463988 0.364754
-0.214936 0.337395
-1.7706 0.769569
-0.618339 0.736951
-2.11521 0.159429
-0.796231 0.240863
-0.201269 0.416296
-1.91811 0.38946
-3.01363 0.276814
-2.0595 0.150892
-0.917816 0.826116
-1.52425 0.881292
-4.5456 0.751791
-0.553516 0.51831
-0.470214 0.0210331
-1.15863 0.710935
-0.986948 0.165084
-2.87687 0.0787099
-1.51599 0.178328
-0.692793 0.760173
-1.96817 0.455781
-2.26719 0.309349
-1.87496 0.0607782
-0.410497 0.679709
-1.27614 0.261381
-0.857714 0.0108988
-0.207946 0.889901
-1.51062 0.179946
-1.98558 0.840431
-0.997708 0.293964
-1.97659 0.343065
-1.05383 0.868318
-1.51107 0.222839
-0.3144 0.107014
-0.925817 0.214701
-0.228069 0.145128
-0.646031 0.645254
-5.63712 0.122507
-0.141201 0.681274
-2.33792 0.726508
-0.931807 0.68247
-0.664972 0.234517
-0.802841 0.368292
-2.42253 0.237578
-1.94516 0.461553
-2.45321 0.0394684
-3.00902 0.205321
-1.0902 0.591884
-0.289464 0.0435778
-0.517597 0.427406
-2.64243 0.459023
-0.268567 0.554328
-0.548996 0.438026
-0.112759 0.220243
-0.833098 0.629762
-0.736738 0.499219
-1.4032 0.243286
-0.750991 0.680042
-3.35151 0.352561
-2.61838 0.568298
-0.825629 0.776152
-1.19378 0.691665
-0.318259 0.516818
-0.25082 0.7996
-0.456231 0.0877989
-0.46281 0.629322
-1.78919 0.34256
-1.15808 0.219261
-0.250247 0.409026
-1.29654 0.561618
-1.60431 0.8401
-1.2267 0.791963
-0.17208 0.637806
-0.658356 0.0327897
-1.64311 0.317007
-1.23227 0.132283
-1.44576 0.595526
-0.891908 0.518797
-1.17444 0.592849
-2.98773 0.0212783
-0.785323 0.0525136
-1.8621 0.195434
-0.170996 0.7473
-1.25556 0.0103676
-0.399465 0.880949
-0.621163 0.760518
-1.06654 0.0191068
-0.234378 0.878611
-0.755784 0.544851
-0.439527 0.260249
-0.148072 0.56638
-0.644008 0.471192
-0.852407 0.548746
-1.93712 0.705826
-1.43016 0.111641
-0.82942 0.188183
-1.31699 0.121864
-0.2269 0.195413
-0.825474 0.439513
-0.157527 0.630889
-1.76535 0.670038
-0.23117 0.658385
-0.233302 0.781926
-0.906142 0.30296
-0.654625 0.842878
-0.813588 0.854492
-0.110592 0.137841
-3.56455 0.609063
-1.52956 0.316405
-3.49481 0.792537
-0.912506 0.771073
-0.427597 0.741063
-1.51198 0.449714
-1.38148 0.0036653
-0.618724 0.418821
-0.509888 0.468326
-0.174623 0.282469
-0.315219 0.480551
-1.46347 0.584154
-0.528081 0.782605
-0.392699 0.166998
-0.758909 0.701725
-0.379005 0.65909
-0.525337 0.641109
-2.02036 0.435065
-0.330904 0.0215472
-0.184818 0.0944522
-1.04975 0.619329
-0.903356 0.722857
-0.288128 0.696603
-0.773031 0.566095
-0.68584 0.431451
-0.813184 0.723665
-1.09419 0.571217
-1.99946 0.852038
-1.66484 0.00790661
-0.460853 0.375071
-0.143646 0.300006
-0.132613 0.210464
-1.4565 0.835284
-0.266955 0.406055
-1.21962 0.22253
-1.2377 0.280616
-0.202153 0.493676
-1.10575 0.397418
-4.72353 0.628711
-0.147922 0.383667
-1.11609 0.39901
-3.35992 0.134476
-0.247758 0.0235002
-0.494691 0.736687
-0.740915 0.443209
-0.80316 0.59199
-0.288106 0.249597
-0.59563 0.335246
-0.361857 0.038657
-0.446303 0.240691
-0.485274 0.474367
-0.982228 0.385242
-0.124569 0.00802305
-0.477336 0.513618
-0.334296 0.702205
-1.63591 0.39179
-0.266386 0.382597
-1.66784 0.611119
-1.85699 0.635562
-1.57634 0.0900523
-0.116714 0.770548
-2.52308 0.267692
-1.51517 0.634133
-2.39127 0.0351406
-0.31081 0.237816
-0.479442 0.579534
-0.108006 0.302698
-0.502085 0.358087
-0.526243 0.269729
-0.936362 0.321954
-0.144852 0.0899504
-0.303918 0.429497
-2.48203 0.711695
-0.500893 0.344551
-3.2625 0.354982
-0.192259 0.295981
-0.541744 0.682569
-1.19334 0.899991
-0.324504 0.84749
-0.702831 0.268247
-0.562288 0.0050551
-0.203783 0.799056
-2.37958 0.238584
-0.759404 0.182266
-1.67215 0.269773
-1.11332 0.649822
-2.02176 0.856713
-0.420071 0.09285
-0.208685 0.189607
-1.36324 0.636408
-1.43967 0.385767
-1.45543 0.0667579
-0.373615 0.764936
-0.511209 0.703921
-4.1575 0.0645316
-0.152463 0.801454
-0.480026 0.805453
-2.16121 0.0366021
-0.180537 0.162823
-1.57328 0.634757
-1.05784 0.80389
-1.09644 0.379583
-2.31562 0.499414
-1.86256 0.279328
-1.82236 0.00782709
-0.110645 0.220182
-1.69714 0.464613
-1.45697 0.890546
-0.287494 0.0824433
-0.901181 0.439943
-1.80868 0.461881
-4.23523 0.262525
-0.534687 0.762582
-0.176749 0.874813
-0.952751 0.868703
-1.25513 0.328643
-1.07714 0.433468
-1.34686 0.497444
-0.676315 0.646673
-0.188259 0.280551
-0.203683 0.401654
-0.681828 0.22957
-0.564806 0.229235
-0.473095 0.347586
-2.41883 0.265281
-0.547117 0.805531
-0.996376 0.018482
-4.0167 0.0751524
-0.457534 0.61066
-1.50063 0.749434
-0.581944 0.317459
-0.109813 0.374164
-1.42062 0.899862
-0.25237 0.188281
-1.1023 0.860079
-0.199234 0.445017
-1.13189 0.714933
-2.29572 0.788996
-1.26899 0.41094
-0.209243 0.333821
-0.394207 0.0584074
-1.78617 0.348419
-0.807965 0.858182
-1.51173 0.21209
-0.292761 0.0203937
-0.975212 0.107418
-3.31639 0.352947
-1.38296 0.484583
-3.98671 0.477012
-1.6642 0.781231
-0.866097 0.0480759
-0.538539 0.289674
-0.184802 0.782231
-0.402608 0.437352
-3.32237 0.402104
-2.90173 0.348766
-0.148178 0.220101
-0.649615 0.572903
-0.689258 0.649891
-0.723533 0.647428
-1.00194 0.387121
-0.179273 0.460823
-1.58307 0.0258264
-1.04746 0.78333
-0.1821 0.0273149
-2.42916 0.761005
-0.354435 0.763076
-0.67963 0.84051
-1.27866 0.379802
-2.41096 0.881237
-0.440515 0.73824
-0.699141 0.633448
-1.6621 0.660905
-0.186836 0.0319589
-1.19513 0.510061
-1.53766 0.535796
-1.05712 0.0456038
-0.513833 0.435332
-0.786857 0.630434
-0.496567 0.791142
-2.32382 0.871399
-0.99187 0.436704
-0.313539 0.191936
-1.05244 0.688538
-0.746829 0.691727
-0.807182 0.453548
-0.288441 0.00291376
-2.94437 0.142415
-1.20573 0.309547
-2.42384 0.480009
-1.81692 0.435621
-1.1046 0.187426
-1.18506 0.028279
-0.816196 0.484792
-3.95638 0.50908
-0.25198 0.404861
-0.278773 0.865363
-0.278302 0.513174
-1.45122 0.546837
-0.891553 0.537517
-0.409748 0.779587
-1.85045 0.153906
-0.325903 0.193153
-3.82581 0.492037
-2.47443 0.0843384
-6.1711 0.899484
-0.278594 0.878941
-0.929314 0.454788
-0.608981 0.351937
-2.76375 0.114132
-1.11189 0.362837
-1.33337 0.561527
-1.04159 0.288524
-1.04382 0.0399657
-0.81529 0.0369319
-1.61397 0.703967
-0.498262 0.157371
-0.452881 0.738809
-0.862278 0.344026
-2.81444 0.702654
-0.389658 0.877007
-1.14379 0.217313
-0.344062 0.451113
-0.943997 0.652687
-2.85362 0.0810512
-4.26216 0.0829989
-1.22632 0.606438
-0.305115 0.0455146
-1.30853 0.612312
-0.108262 0.631359
-0.553587 0.167255
-1.91147 0.174002
-1.29765 0.292542
-2.21604 0.366831
-1.57634 0.721223
-2.25622 0.444187
-1.58771 0.552871
-0.950769 0.412615
-1.10081 0.335422
-0.481574 0.0144013
-0.217393 0.241829
-0.190334 0.137282
-1.52821 0.362045
-1.88895 0.66518
-0.232299 0.236568
-0.565243 0.897792
-0.769493 0.899571
-2.90563 0.380192
-1.72482 0.57627
-0.199036 0.47215
-0.296412 0.731012
-0.187736 0.468912
-0.246424 0.128215
-0.120841 0.56312
-2.44044 0.24111
-1.02272 0.743096
-3.4156 0.692385
-0.524403 0.781567
-0.564465 0.505639
-1.00963 0.883805
-0.853254 0.320928
-0.733096 0.565301
-1.59547 0.475065
-1.06932 0.0630125
-1.56539 0.898884
-0.921899 0.32859
-0.335412 0.481528
-0.694095 0.205776
-0.57921 0.311217
-4.32293 0.611511
-0.132646 0.388847
-0.132758 0.714232
-0.194655 0.742658
-0.141113 0.88754
-0.485137 0.768365
-1.70762 0.0619036
-1.251 0.274974
-2.5197 0.878609
-0.587154 0.457423
-0.24991 0.553949
-1.46581 0.821993
-4.27118 0.855795
-1.56859 0.640314
-1.70086 0.528972
-0.176055 0.895817
-0.843298 0.40885
-0.107954 0.773929
-0.162074 0.584962
-0.412641 0.552051
-0.183525 0.89917
-1.47058 0.877532
-0.695613 0.145446
-0.659305 0.215634
-0.363223 0.796281
-1.51679 0.496242
-0.820369 0.466477
-1.56111 0.511724
-2.42709 0.537327
-2.19799 0.689885
-0.861529 0.225405
-1.07661 0.555343
-0.328148 0.871451
-0.769771 0.130224
-1.36128 0.215799
-0.559722 0.724572
-0.76271 0.660644
-0.182677 0.349725
-2.20624 0.0696812
-3.90611 0.70464
-0.340641 0.0649368
-0.390588 0.393287
-1.583 0.535099
-0.944003 0.428015
-0.338161 0.532409
-1.55143 0.727651
-0.32597 0.851822
-1.78704 0.221558
-0.671727 0.456144
-0.954363 0.86937
-1.01126 0.683418
-0.61491 0.702878
-1.20166 0.841598
-0.223132 0.3024
-1.30768 0.183679
-0.754272 0.284808
-0.464847 0.274708
-2.01379 0.834195
-1.69261 0.535485
-0.58937 0.671276
-0.14845 0.84293
-1.09531 0.174181
-0.699034 0.118477
-0.896646 0.51822
-1.10939 0.64366
-2.06567 0.748329
-3.27457 0.221649
-0.134606 0.00206415
-0.489363 0.317613
-0.573962 0.326765
-0.209635 0.634885
-0.989349 0.630073
-0.585964 0.813772
-2.14083 0.892164
-1.00664 0.635408
-0.280643 0.877083
-1.44453 0.487999
-0.627316 0.341859
-1.90002 0.872572
-2.76795 0.788232
-2.62462 0.0503601
-0.426902 0.359413
-0.824046 0.022998
-2.80384 0.606785
-0.848898 0.677009
-1.16913 0.091027
-2.20883 0.228049
-0.683526 0.835238
-1.8347 0.457555
-0.282543 0.37916
-0.420349 0.681232
-0.826517 0.428248
-0.135575 0.844843
-0.163236 0.357084
-0.36006 0.348848
-0.882501 0.440776
-0.708191 0.820468
-0.204336 0.513571
-0.56176 0.086279
-0.634846 0.402459
-0.44258 0.172911
-0.482489 0.701312
-0.76262 0.0514364
-0.45357 0.781043
-0.588037 0.868059
-1.94901 0.260943
-2.62611 0.226555
-0.395545 0.160799
-0.241159 0.836683
-0.259227 0.755858
-0.186645 0.815481
-0.330909 0.748803
-2.41363 0.623401
-5.2552 0.75268
-1.18738 0.0106933
-0.39905 0.876125
-0.258977 0.728111
-0.486547 0.540361
-0.492069 0.129265
-0.397647 0.515226
-0.259012 0.363869
-0.737213 0.251758
-0.139879 0.480944
-2.05794 0.0531829
-1.63455 0.554763
-0.79976 0.145814
-0.781985 0.200385
-1.46161 0.640728
-3.45547 0.150356
-4.17098 0.569868
-0.54812 0.354131
-1.17551 0.834224
-0.534811 0.406006
-0.485228 0.77022
-1.7335 0.860725
-2.11099 0.88235
-0.403686 0.647333
-2.25823 0.187474
-0.228568 0.313629
-0.846263 0.1795
-0.157509 0.394407
-1.14925 0.0388493
-0.883232 0.111321
-2.93313 0.733108
-0.206026 0.153449
-0.293752 0.750364
-6.17774 0.150031
-0.396624 0.0929467
-0.504384 0.724561
-3.01776 0.0921462
-0.279843 0.220725
-3.0091 0.795043
-1.06726 0.686475
-2.08515 0.106228
-0.609446 0.55791
-0.481253 0.25377
-0.853985 0.752814
-0.257583 0.76926
-3.95909 0.745141
-1.5691 0.0678059
-1.60333 0.774976
-1.97961 0.374731
-0.311216 0.671313
-0.767475 0.35112
-1.47568 0.776078
-0.503821 0.707614
-1.32242 0.0879506
-1.19664 0.540218
-0.176124 0.28231
-0.235235 0.757763
-0.256749 0.709037
-0.135644 0.777833
-0.24948 0.823813
-0.543783 0.73906
-0.245944 0.164643
-0.233443 0.644344
-0.967806 0.130001
-0.203756 0.85195
-1.06017 0.437906
-1.02768 0.207354
-3.3131 0.00927565
-0.27932 0.0650076
-1.46562 0.231176
-2.67718 0.00915647
-2.12009 0.867635
-0.30505 0.768685
-0.343798 0.352653
-0.329899 0.78118
-0.312594 0.817472
-0.251546 0.114829
-0.313728 0.236289
-1.98979 0.609995
-0.331064 0.651425
-0.505285 0.452398
-0.839428 0.308124
-0.460691 0.257636
-0.726229 0.755146
-1.6037 0.606949
-0.961722 0.488686
-1.2095 0.057388
-0.211236 0.654759
-3.95778 0.553293
-1.00998 0.686735
-1.13953 0.312158
-0.339743 0.26724
-1.34772 0.391856
-0.607674 0.274423
-0.288096 0.194303
-2.08303 0.0308372
-0.320455 0.694762
-0.424973 0.656065
-1.36414 0.565935
-0.311684 0.0930153
-0.689356 0.712602
-0.304704 0.389865
-0.449372 0.515578
-2.53172 0.706855
-1.07334 0.399742
-0.18845 0.686312
-4.31852 0.86407
-0.961238 0.432412
-0.712665 0.459789
-1.76367 0.686552
-2.07969 0.794227
-0.552265 0.0651269
-0.404583 0.72872
-0.174925 0.550332
-1.24371 0.346128
-0.255849 0.826102
-3.3238 0.0693301
-1.42795 0.756026
-0.685646 0.487132
-0.126102 0.10419
-0.157007 0.720154
-0.735694 0.259952
-0.598836 0.355499
-0.455837 0.395679
-3.18357 0.831025
-1.24598 0.357007
-0.198229 0.549427
-0.331158 0.340515
-0.633308 0.450964
-1.27383 0.675771
-1.42852 0.690743
-0.801017 0.554001
-1.2093 0.4362
-0.426858 0.127309
-0.997822 0.00130345
-0.147429 0.0400167
-3.36277 0.591287
-0.19996 0.344246
-0.364346 0.414336
-1.18932 0.715538
-0.237646 0.381141
-6.11484 0.356299
-1.22892 0.192817
-1.08513 0.300387
-2.01652 0.323484
-0.649697 0.525801
-0.573086 0.81033
-2.51568 0.828427
-0.485051 0.213581
-0.372368 0.830175
-1.54612 0.37408
-1.21329 0.825386
-3.58103 0.396082
-1.16228 0.160229
-1.60215 0.791076
-1.61325 0.709086
-0.236143 0.244069
-3.17254 0.0282628
-2.77702 0.0340751
-0.158524 0.075215
-1.46772 0.0854063
-1.71622 0.575899
-0.188937 0.873934
-0.128677 0.573853
-0.137501 0.171332
-0.769132 0.201154
-0.588182 0.850704
-0.205227 0.286552
-1.58846 0.463261
-0.567589 0.18139
-0.243159 0.51002
-5.02767 0.0692839
-0.547356 0.772102
-1.8737 0.133586
-0.85917 0.34832
-1.59613 0.119193
-1.25514 0.409756
-0.785359 0.119349
-0.324228 0.66894
-0.617805 0.770606
-1.73625 0.882129
-0.837691 0.472449
-0.578588 0.314511
-1.83271 0.782254
-0.122379 0.892839
-1.39758 0.333364
-0.472646 0.313907
-0.465529 0.304596
-2.80403 0.253026
-0.75951 0.241372
-4.39527 0.316966
-0.743327 0.144051
-0.732334 0.860664
-0.143724 0.221651
-0.538276 0.757458
-0.177718 0.14939
-1.14469 0.261903
-0.666646 0.22273
-1.25817 0.379607
-1.27118 0.136671
-0.112447 0.787544
-0.998583 0.748578
-0.726782 0.158841
-0.147899 0.504005
-0.69365 0.707241
-1.51039 0.320228
-0.793356 0.615258
-0.635165 0.258927
-2.1143 0.476014
-1.4107 0.385933
-0.518261 0.0339183
-0.234176 0.446436
-0.638606 0.111574
-0.605776 0.0572343
-0.995448 0.3147
-0.335186 0.583112
-0.473407 0.243184
-0.847446 0.742545
-0.160784 0.0962099
-0.628364 0.632736
-0.294186 0.307162
-1.11862 0.574278
-1.4727 0.316424
-0.107072 0.880568
-1.06752 0.335666
-0.339723 0.115459
-2.87587 0.397953
-0.938267 0.276219
-1.39294 0.460015
-0.117213 0.105827
-1.67733 0.122994
-1.21759 0.551578
-2.2336 0.0912498
-0.278895 0.449759
-3.08731 0.68097
-1.72962 0.511798
-0.576825 0.727607
-0.953686 0.610806
-0.39692 0.620342
-0.108171 0.327783
-0.573985 0.784102
-1.10558 0.600014
-0.343969 0.467969
-1.1819 0.313863
-0.603023 0.658575
-0.54995 0.80902
-1.16659 0.146894
-0.575604 0.30685
-0.222358 0.322884
-0.234895 0.228547
-0.537265 0.86717
-0.214358 0.353719
-0.383262 0.698448
-2.47835 0.575369
-0.924509 0.320404
-0.953047 0.531151
-1.0089 0.72153
-0.176146 0.463038
-0.713011 0.150512
-3.30132 0.766805
-0.917796 0.673445
-0.528047 0.245989
-0.148035 0.529648
-1.14564 0.0147031
-0.440376 0.174017
-0.449463 0.62458
-3.50542 0.645709
-1.30575 0.0628266
-1.3579 0.162307
-0.399783 0.206807
-1.2842 0.249431
-0.714952 0.793097
-4.97429 0.0370196
-0.35629 0.391154
-0.773611 0.753422
-1.35158 0.326219
-0.319916 0.485884
-1.37786 0.860326
-0.252045 0.155804
-0.528598 0.564752
-0.881633 0.703304
-0.1082 0.212632
-0.942741 0.729521
-1.37032 0.662061
-0.975173 0.102528
-0.141934 0.652691
-0.289327 0.528629
-0.591352 0.324265
-0.273179 0.284882
-0.232693 0.443118
-1.11013 0.331783
-1.07368 0.390792
-0.116681 0.81246
-0.733744 0.426116
-0.68088 0.623785
-3.93234 0.437247
-2.19525 0.55225
-0.475817 0.895171
-0.414263 0.118093
-0.303448 0.412335
-0.537048 0.595946
-1.452 0.616707
-0.317907 0.898201
-0.958776 0.22298
-1.49735 0.743651
-2.22671 0.656194
-0.11707 0.749401
-1.71867 0.757528
-1.46773 0.595421
-1.68184 0.663045
-0.43618 0.562322
-0.219208 0.28169
-0.221173 0.642095
-0.179294 0.818912
-1.48055 0.0113175
-0.579508 0.652556
-0.876121 0.0767904
-0.182121 0.0625674
-1.12992 0.193916
-1.06436 0.687478
-0.676087 0.0312656
-0.142926 0.254642
-0.370619 0.169505
-0.465177 0.530769
-2.79945 0.758805
-0.293742 0.169558
-2.423 0.379171
-1.5702 0.500668
-1.68647 0.110754
-0.388388 0.369993
-0.181697 0.856364
-0.124486 0.619883
-0.85585 0.229789
-0.661813 0.645878
-0.422735 0.0103832
-0.315742 0.701301
-0.254537 0.357484
-0.545636 0.835664
-3.52217 0.213199
-0.993819 0.717933
-0.89922 0.701425
-2.98747 0.137162
-0.390963 0.397341
-0.216971 0.591946
-0.318864 0.793889
-0.213629 0.26635
-1.28812 0.233824
-2.20158 0.672713
-2.19261 0.315188
-0.990743 0.0634516
-3.28695 0.211852
-1.46512 0.0284947
-1.34244 0.340251
-0.653226 0.0444568
-0.26927 0.0202114
-0.573304 0.735049
-0.651947 0.686686
-1.82788 0.81964
-0.375945 0.24068
-1.45146 0.220513
-0.702543 0.360535
-0.153643 0.538061
-0.280248 0.666954
-1.0946 0.825304
-0.345156 0.48359
-0.674188 0.537366
-0.622294 0.850081
-2.25512 0.0430766
-0.308608 0.587119
-0.122837 0.281841
-1.07422 0.681781
-0.604492 0.634776
-2.38668 0.461322
-0.815744 0.160488
-0.521877 0.351168
-1.75303 0.169581
-1.00423 0.566218
-0.460758 0.770807
-0.235697 0.42751
-0.284998 0.308399
-0.871561 0.274964
-0.457555 0.474784
-0.252352 0.675441
-0.237594 0.825543
-0.33612 0.0900146
-0.55756 0.00862111
-0.163938 0.640878
-0.16444 0.296847
-0.154775 0.618473
-0.23825 0.527125
-0.586816 0.389212
-0.81668 0.69375
-0.587379 0.38269
-0.830441 0.390518
-1.69417 0.875403
-1.30428 0.647812
-2.77202 0.500212
-2.93636 0.392925
-0.725163 0.306609
-0.561222 0.0183826
-0.506647 0.683089
-0.375345 0.424429
-1.51382 0.145066
-0.486195 0.128288
-1.71728 0.198719
-0.683928 0.53752
-0.654013 0.554726
-0.887005 0.644889
-1.64477 0.261675
-2.60741 0.0385514
-3.118 0.850317
-0.707628 0.175766
-0.591498 0.884658
-4.19348 0.574682
-0.755716 0.803323
-0.588506 0.0158568
-1.60739 0.300313
-0.31002 0.83487
-0.661451 0.741349
-0.269309 0.103105
-0.320884 0.581962
-0.664227 0.599505
-0.429944 0.60425
-0.895984 0.685075
-0.217193 0.661011
-0.847362 0.7727
-0.753146 0.0126943
-2.53232 0.761949
-0.223621 0.238179
-1.61293 0.0838944
-1.80013 0.732986
-0.241601 0.424197
-2.28236 0.562335
-1.70705 0.179668
-2.89639 0.471599
-2.09894 0.501627
-0.384586 0.669929
-1.28668 0.683474
-2.14147 0.69154
-0.279919 0.593981
-0.419965 0.0997977
-2.37314 0.675378
-0.689847 0.173155
-0.185199 0.15186
-0.282336 0.472727
-0.136928 0.252067
-0.273453 0.594511
-2.01473 0.00261401
-2.35655 0.800706
-2.31453 0.073821
-0.160982 0.726456
-0.212005 0.85766
-0.98288 0.0334756
-0.864831 0.426624
-1.01031 0.716832
-0.261458 0.50432
-0.931812 0.850047
-0.432958 0.546014
-0.386348 0.315787
-0.525539 0.727932
-0.241913 0.214387
-0.511451 0.781845
-2.82974 0.710428
-0.354794 0.805347
-0.817799 0.0201889
-3.94776 0.610114
-2.127 0.754135
-0.648559 0.86514
-3.31064 0.88576
-0.174961 0.632748
-0.952335 0.686681
-0.121098 0.0140653
-0.520656 0.371374
-0.815422 0.546326
-0.126973 0.0553953
-3.68368 0.26094
-1.92043 0.565258
-0.118669 0.132352
-0.420425 0.530701
-1.13225 0.327612
-0.706482 0.388175
-1.79618 0.776155
-1.21471 0.768958
-0.269958 0.114201
-0.177467 0.111081
-0.945658 0.201588
-1.29455 0.524448
-0.81278 0.0717766
-0.539772 0.349459
-1.16793 0.123385
-0.97044 0.271621
-0.273916 0.134992
-0.58501 0.488403
-0.316875 0.771477
-0.811949 0.284727
-1.58997 0.608204
-1.17439 0.461275
-1.24403 0.272125
-1.50109 0.197468
-2.1826 0.563237
-2.21143 0.394043
-1.51183 0.190979
-1.49195 0.849525
-0.625174 0.707449
-1.87858 0.617229
-5.28899 0.899592
-0.623104 0.765597
-0.394227 0.21854
-0.598536 0.0844902
-0.204189 0.668661
-1.44516 0.486513
-0.17271 0.641269
-1.7187 0.186734
-0.506822 0.715865
-0.87412 0.049476
-1.99808 0.715518
-0.177141 0.113601
-1.07681 0.322993
-0.325309 0.206003
-1.10393 0.181849
-0.29027 0.373141
-1.81999 0.81078
-0.288591 0.898807
-0.593863 0.841345
-0.383993 0.489779
-0.119407 0.357696
-2.3456 0.567756
-0.372474 0.537448
-1.09593 0.774645
-0.537494 0.290358
-3.7258 0.421819
-1.08227 0.0808807
-1.10333 0.744166
-0.127001 0.415955
-0.450927 0.0739688
-1.94408 0.264652
-0.2589 0.82928
-0.714286 0.870276
-0.186121 0.181033
-2.41956 0.291284
-0.133307 0.153077
-0.515987 0.039668
-0.213903 0.310118
-2.1022 0.781238
-0.36306 0.207285
-1.21784 0.407033
-1.1438 0.0392524
-0.789747 0.675517
-0.542901 0.208074
-1.66408 0.0922862
-1.80839 0.747471
-3.64535 0.190137
-2.55 0.523117
-0.683289 0.283815
-0.170295 0.139904
-0.729567 0.355379
-1.33303 0.0164585
-0.672222 0.249121
-0.44653 0.228503
-0.265412 0.34697
-1.18711 0.203623
-3.3833 0.172741
-0.30055 0.194434
-0.990995 0.246152
-0.728925 0.511138
-1.40209 0.396869
-0.739114 0.679054
-0.50585 0.381924
-1.08338 0.405823
-0.64135 0.400286
-0.351379 0.657276
-0.159538 0.873918
-4.07404 0.694646
-0.772526 0.724739
-2.63394 0.65702
-0.56714 0.000594875
-0.436462 0.133675
-0.500153 0.390795
-0.375672 0.447088
-0.718553 0.140239
-2.02988 0.107648
-0.435948 0.743688
-0.353585 0.737934
-0.932946 0.273951
-0.761771 0.771885
-0.72195 0.26003
-0.638708 0.535352
-0.671567 0.370176
-0.155284 0.548902
-2.52336 0.263143
-3.22538 0.386816
-2.52833 0.779896
-1.7469 0.510292
-1.08929 0.572826
-0.288468 0.448928
-2.40155 0.319188
-0.232134 0.826371
-0.371294 0.40763
-1.33915 0.550495
-0.235704 0.412853
-1.57008 0.0949435
-3.61631 0.441776
-3.48577 0.624616
-1.72022 0.0699454
-0.177682 0.727083
-0.358248 0.0633373
-0.723962 0.0431401
-1.13882 0.100013
-1.04269 0.878793
-0.185046 0.604325
-1.46114 0.066856
-1.46472 0.820832
-0.897125 0.258184
-1.7736 0.606693
-0.712152 0.543666
-3.55751 0.677543
-1.13246 0.788453
-1.76431 0.288585
-0.802056 0.622013
-0.144785 0.340242
-2.62215 0.823572
-5.4406 0.373246
-0.648843 0.431311
-6.31808 0.772376
-0.987856 0.712183
-0.322068 0.422089
-0.118523 0.191086
-2.53616 0.59405
-2.73463 0.103641
-0.485798 0.549231
-1.98036 0.682701
-0.451056 0.821707
-2.55966 0.367681
-2.98208 0.020615
-2.25285 0.852743
-0.46068 0.346673
-0.453583 0.554253
-0.293689 0.0173084
-0.353813 0.357669
-0.316776 0.402802
-2.08822 0.513385
-0.295451 0.203497
-2.49816 0.605147
-1.37061 0.457587
-0.972694 0.392894
-0.647251 0.694014
-0.276837 0.221633
-0.170354 0.175704
-1.20319 0.570707
-0.472947 0.61412
-0.929622 0.542619
-0.130632 0.523651
-0.814079 0.762145
-0.882664 0.119884
-0.721969 0.457327
-0.532438 0.608739
-0.119898 0.457353
-0.557687 0.139272
-1.04878 0.746853
-0.130383 0.348759
-0.230994 0.878152
-0.748011 0.470801
-0.179851 0.721168
-0.488086 0.440638
-1.93486 0.137733
-1.18307 0.0295328
-2.41144 0.0238441
-0.306399 0.844449
-0.162927 0.223268
-0.49481 0.771951
-1.02773 0.0397013
-0.14899 0.841557
-0.648986 0.606167
-0.856547 0.454929
-0.262162 0.894527
-0.357725 0.0444214
-1.26727 0.891999
-0.623443 0.130234
-0.306637 0.837994
-0.704735 0.855175
-1.45111 0.315432
-0.506054 0.220533
-0.434565 0.487719
-0.756829 0.0457105
-0.360312 0.267556
-2.95684 0.539955
-0.299511 0.75823
-0.316079 0.053346
-0.602923 0.658088
-4.32978 0.447728
-0.522068 0.534989
-3.91557 0.437283
-0.392926 0.812102
-0.814963 0.435056
-2.63378 0.198049
-0.757206 0.820349
-2.09902 0.364728
-0.335942 0.724825
-1.3497 0.495482
-0.492683 0.641835
-0.818476 0.133123
-3.90213 0.15535
-2.22506 0.768643
-0.243988 0.345814
-0.163019 0.248417
-0.97829 0.452914
-0.152127 0.0927698
-1.23715 0.0598061
-0.206148 0.803005
-0.566928 0.485738
-0.259858 0.532659
-0.631783 0.444905
-0.917877 0.86138
-0.294557 0.383197
-0.297765 0.838856
-0.341757 0.837563
-0.451701 0.659832
-0.978308 0.703523
-1.22305 0.683189
-0.136865 0.671891
-0.431076 0.0443335
-0.715817 0.579947
-2.37428 0.552425
-0.629452 0.686859
-0.592082 0.633597
-0.156383 0.141786
-0.808001 0.28493
-0.691604 0.341951
-0.23845 0.758251
-3.66156 0.0887889
-0.340861 0.611337
-1.45285 0.117122
-1.93313 0.25586
-3.80814 0.896762
-0.229707 0.150711
-0.73127 0.472155
-0.419104 0.276997
-1.05191 0.53394
-1.08786 0.189013
-1.19575 0.604387
-2.80637 0.111488
-3.78265 0.792461
-0.378314 0.526173
-0.132294 0.742957
-0.743983 0.154131
-0.501916 0.127274
-1.3837 0.599296
-0.295398 0.679671
-0.292291 0.626381
-1.90126 0.742752
-0.291247 0.23099
-0.503513 0.292604
-2.11002 0.634616
-4.00584 0.326605
-1.20955 0.00834426
-0.443232 0.155711
-1.21533 0.0947607
-0.290665 0.846269
-0.209243 0.800267
-0.198161 0.253263
-0.258297 0.395506
-1.36422 0.262747
-0.862723 0.149863
-0.308529 0.0863632
-0.449454 0.872683
-6.10858 0.345245
-1.2521 0.224251
-1.24292 0.0899173
-1.29466 0.551931
-1.39474 0.10846
-1.95012 0.31146
-1.37663 0.237567
-0.295267 0.0186558
-0.383304 0.635071
-1.15715 0.846775
-0.851009 0.499061
-2.81095 0.668641
-0.557189 0.287313
-0.591051 0.491881
-2.30169 0.403135
-1.9441 0.0788681
-0.291337 0.0666213
-0.76592 0.393046
-1.96353 0.667899
-0.912973 0.688822
-0.766364 0.0141259
-0.309347 0.567697
-1.14353 0.575299
-2.12839 0.451785
-1.75064 0.0666773
-2.02179 0.412016
-3.09911 0.434019
-1.32092 0.709022
-0.937669 0.437538
-0.487587 0.141604
-1.41505 0.400088
-1.17428 0.637512
-0.811891 0.242246
-2.45635 0.0302432
-2.97219 0.131676
-1.60561 0.503906
-0.257539 0.527854
-4.12558 0.830528
-0.733059 0.35229
-0.148429 0.23619
-1.1445 0.523033
-1.65374 0.181885
-1.80863 0.781032
-0.561391 0.870001
-1.46131 0.888172
-1.25114 0.242405
-1.44037 0.868843
-0.268308 0.787714
-0.334166 0.400018
-1.71085 0.460766
-0.759655 0.755563
-0.355453 0.331947
-1.54319 0.68842
-2.45461 0.677225
-0.256245 0.518537
-0.362275 0.547426
-1.40059 0.705501
-0.418859 0.367811
-2.05203 0.446841
-0.214941 0.558961
-2.80141 0.354806
-0.822723 0.203619
-0.889241 0.190971
-1.68533 0.17909
-1.60117 0.311355
-2.38421 0.337828
-0.133399 0.345444
-0.117627 0.882156
-0.539402 0.257766
-1.27609 0.482669
-0.460641 0.798441
-0.260269 0.728767
-0.613048 0.0593836
-0.376251 0.361014
-0.177463 0.648831
-0.358897 0.0655542
-0.225506 0.204129
-0.160764 0.672658
-0.554557 0.299781
-0.828136 0.758953
-0.723797 0.886536
-0.95942 0.359341
-2.58349 0.518125
-1.93529 0.459481
-1.73793 0.279842
-1.55938 0.73006
-0.408885 0.319526
-0.304629 0.114646
-0.307191 0.179611
-1.6263 0.261146
-0.668074 0.168764
-1.489 0.514494
-0.803461 0.373714
-0.606062 0.480179
-0.1991 0.0707265
-2.01806 0.507202
-3.59005 0.131412
-0.131594 0.60372
-0.598738 0.525048
-1.83851 0.147831
-0.831826 0.470642
-0.386335 0.159742
-1.08309 0.0973632
-0.490697 0.317981
-0.301912 0.175225
-0.409312 0.203352
-0.764503 0.751075
-1.09299 0.239365
-0.516724 0.251319
-0.191253 0.635183
-0.381419 0.775939
-0.294953 0.497803
-0.334386 0.191402
-0.798735 0.234181
-1.56901 0.541521
-0.368481 0.845614
-0.470797 0.870377
-0.651446 0.0506831
-1.96705 0.103077
-0.301276 0.710851
-1.11248 0.0745205
-0.278091 0.317809
-0.685374 0.524067
-0.194958 0.16753
-0.447583 0.52442
-0.542955 0.0138875
-0.7016 0.283939
-0.936031 0.382899
-1.66911 0.449666
-2.91651 0.335098
-3.71931 0.667802
-0.419109 0.289059
-0.586306 0.846946
-0.577968 0.398021
-1.96263 0.791001
-1.79973 0.581833
-0.951907 0.0531296
-1.96734 0.50889
-1.27691 0.129646
-0.437428 0.735255
-0.33965 0.636955
-0.199407 0.0726746
-0.370239 0.809125
-0.738444 0.607551
-1.14498 0.171793
-0.672415 0.628624
-0.383213 0.490385
-0.21386 0.200631
-0.524764 0.147605
-0.62093 0.695826
-0.116491 0.0176845
-0.275806 0.0469616
-0.708759 0.33843
-0.761368 0.0141603
-1.09944 0.338569
-1.27554 0.213168
-0.591183 0.173908
-0.426873 0.643048
-0.21436 0.335727
-0.211495 0.397602
-1.76732 0.78422
-0.922192 0.145094
-1.41352 0.814764
-0.528461 0.632408
-5.85564 0.686912
-3.14015 0.772874
-0.444504 0.379353
-1.81485 0.0213143
-0.903113 0.570855
-1.66205 0.099094
-5.99134 0.758823
-1.98191 0.14355
-1.1299 0.205689
-0.638516 0.833492
-1.73563 0.0749971
-2.7431 0.172667
-0.546105 0.5347
-0.120787 0.219216
-0.299447 0.294064
-0.73947 0.608624
-1.21403 0.545558
-0.547998 0.488448
-0.506026 0.115379
-0.579542 0.590187
-2.0696 0.728998
-0.481635 0.463885
-0.429376 0.379952
-2.0299 0.606646
-1.06533 0.622849
-0.316447 0.130298
-0.785463 0.56777
-0.957379 0.359203
-0.984129 0.51916
-0.781422 0.669584
-0.14883 0.708455
-0.611078 0.546526
-1.39776 0.641102
-1.06963 0.843517
-0.742372 0.545195
-0.19254 0.278398
-0.835535 0.606296
-1.14626 0.759171
-0.127129 0.276802
-0.320386 0.096131
-6.22412 0.466079
-1.57868 0.121283
-2.23158 0.63802
-0.105493 0.675455
-1.16101 0.624338
-0.133537 0.485126
-0.765601 0.178825
-0.232591 0.72993
-0.148354 0.179423
-2.4615 0.187006
-1.0378 0.724996
-0.248857 0.535381
-2.20456 0.305972
-2.78374 0.580647
-0.154734 0.484848
-2.26434 0.788581
-0.1688 0.373685
-0.131662 0.569598
-0.323707 0.837671
-0.154367 0.497549
-0.252702 0.101359
-0.516439 0.122148
-0.48648 0.695854
-0.302204 0.282435
-1.51171 0.0967322
-0.578053 0.721966
-0.351313 0.828139
-2.40662 0.0152192
-0.43822 0.418342
-1.60649 0.277169
-0.809617 0.110006
-2.30159 0.497689
-0.318911 0.600506
-1.43335 0.421895
-0.439495 0.532384
-0.93586 0.521156
-0.611932 0.8848
-1.05495 0.193139
-0.700883 0.709232
-1.61997 0.844769
-2.88293 0.0565732
-0.444525 0.552705
-0.511172 0.707756
-0.878407 0.322178
-1.15362 0.190095
-2.50617 0.825675
-0.127321 0.0228607
-1.37648 0.611589
-0.800559 0.511978
-2.628 0.271787
-1.94587 0.162775
-1.41074 0.586455
-0.278071 0.876999
-1.58045 0.724439
-0.463756 0.371611
-1.20809 0.160481
-0.402803 0.636112
-2.06135 0.336484
-0.547933 0.206806
-0.127616 0.0203099
-1.08787 0.425044
-0.829168 0.724763
-1.95702 0.845268
-0.486424 0.466195
-0.523693 0.240177
-0.244438 0.868096
-2.03555 0.644974
-1.16271 0.366766
-1.09682 0.0312883
-1.11942 0.750912
-0.870061 0.124747
-0.195041 0.322224
-0.598884 0.146204
-0.979113 0.881663
-0.40148 0.521336
-0.504752 0.546736
-0.642387 0.638886
-1.23262 0.260612
-0.753759 0.0993996
-1.88251 0.0286963
-0.151004 0.88176
-0.245133 0.84647
-1.21468 0.00772718
-0.615786 0.871864
-1.90797 0.638762
-2.64343 0.401426
-4.17791 0.538176
-0.578226 0.485286
-0.403148 0.375479
-1.37457 0.553364
-1.04956 0.221091
-0.44461 0.860959
-0.180007 0.888577
-1.37118 0.878993
-1.3304 0.306049
-1.63304 0.852475
-3.31765 0.645739
-0.178215 0.882454
-0.663667 0.486603
-1.52743 0.141667
-1.45828 0.23345
-1.43057 0.0312573
-0.511692 0.389929
-0.294809 0.328368
-0.599346 0.525538
-0.396999 0.0888358
-0.191415 0.73004
-0.26101 0.0460928
-1.34784 0.435514
-0.323228 0.863292
-0.316157 0.16296
-0.359641 0.081469
-1.73422 0.827125
-0.520122 0.299477
-1.31304 0.0115718
-2.64702 0.354546
-0.350257 0.142711
-1.44902 0.378184
-0.305223 0.333762
-0.304067 0.611173
-0.963072 0.18311
-0.36653 0.0752799
-2.1293 0.857968
-1.20751 0.344227
-1.07018 0.529461
-0.231839 0.0729759
-0.485121 0.343965
-2.71267 0.108163
-0.794842 0.702521
-0.424097 0.2173
-1.30124 0.794572
-3.17891 0.340527
-0.181927 0.459735
-0.557166 0.0126402
-1.57244 0.220299
-1.46622 0.177362
-0.738442 0.739054
-0.928695 0.379845
-0.350615 0.586178
-1.22861 0.566752
-0.741658 0.715524
-0.602204 0.569737
-1.0385 0.29114
-1.06836 0.363482
-0.401828 0.0912965
-0.308071 0.82574
-0.271438 0.827431
-1.48443 0.822428
-0.640067 0.180123
-0.298949 0.462336
-1.63571 0.804073
-0.705805 0.469427
-1.40669 0.111053
-0.149252 0.0365786
-0.274294 0.159732
-0.358242 0.556631
-3.09374 0.610082
-1.10534 0.301077
-1.48126 0.33559
-3.46758 0.539338
-0.804504 0.351402
-0.200552 0.0549482
-0.49231 0.598667
-0.62129 0.825573
-0.280945 0.16395
-0.188957 0.208818
-2.43649 0.115556
-1.99686 0.609255
-2.11188 0.40738
-2.20355 0.0166709
-1.8974 0.219253
-1.34666 0.680756
-0.329786 0.877346
-0.724725 0.778925
-0.945593 0.63983
-1.01486 0.772071
-1.49544 0.653602
-0.433253 0.523355
-3.16138 0.200439
-2.17126 0.370018
-1.69269 0.615399
-0.604142 0.462927
-4.04159 0.5567
-0.193951 0.45413
-1.45019 0.545829
-0.158995 0.521498
-1.73587 0.409603
-1.29686 0.78875
-0.523796 0.0744965
-1.15186 0.728108
-0.428817 0.876126
-1.28971 0.88921
-0.722366 0.25668
-0.488628 0.192882
-0.75501 0.789935
-0.617426 0.639515
-0.340378 0.670254
-4.49096 0.609569
-0.426826 0.713668
-0.155152 0.641216
-0.383419 0.214947
-0.16416 0.750523
-0.29488 0.376259
-1.95994 0.569165
-0.16385 0.646518
-1.32272 0.712462
-0.412317 0.163396
-0.294924 0.141084
-1.50851 0.874104
-3.50893 0.366753
-0.750333 0.125811
-0.311755 0.440096
-0.379828 0.618149
-0.271501 0.216067
-1.5495 0.0543518
-0.84899 0.334598
-0.543504 0.350402
-0.704774 0.645804
-0.643507 0.476252
-1.5966 0.744087
-0.603281 0.674352
-0.476073 0.798044
-0.149839 0.736677
-0.492165 0.0440216
-0.492566 0.732142
-1.48902 0.561103
-0.590532 0.134675
-1.55698 0.399282
-0.91402 0.447098
-0.33737 0.817178
-0.624465 0.578988
-1.37633 0.173357
-2.39206 0.375361
-0.24374 0.0010371
-0.532105 0.71927
-1.9612 0.887246
-1.02111 0.401072
-2.51289 0.0320742
-1.47222 0.572548
-0.483878 0.205094
-0.991888 0.213213
-1.54178 0.00725769
-0.123945 0.645214
-0.213416 0.174642
-0.400801 0.805493
-0.430604 0.0539711
-0.915412 0.177572
-0.928034 0.337105
-0.971644 0.567376
-0.208059 0.755641
-1.45187 0.797237
-1.24961 0.44947
-0.439606 0.525127
-1.12057 0.194578
-2.92403 0.0693717
-0.68741 0.707158
-2.76968 0.255343
-0.673475 0.817127
-0.920741 0.244257
-0.166236 0.708413
-0.878791 0.603583
-0.330613 0.544926
-0.152806 0.154021
-0.110559 0.618546
-3.63822 0.201672
-0.294517 0.124878
-0.345613 0.525987
-0.184014 0.468113
-2.77619 0.153819
-0.493057 0.710781
-0.40278 0.174957
-0.819661 0.267333
-2.11079 0.0628832
-0.877788 0.854481
-0.333148 0.0755586
-1.24039 0.559477
-1.42402 0.785813
-0.937461 0.481707
-0.122529 0.432478
-2.19901 0.531365
-2.01743 0.520258
-2.40796 0.810085
-1.27013 0.216147
-0.18715 0.743847
-0.73497 0.0449673
-1.22349 0.331404
-2.9514 0.880548
-0.425877 0.879763
-1.93888 0.531246
-0.504177 0.615242
-1.32908 0.116178
-2.87656 0.541584
-1.62109 0.821915
-0.18445 0.619696
-2.36609 0.182744
-0.825451 0.597575
-1.62453 0.132553
-0.602904 0.435878
-0.738823 0.609263
-0.321143 0.049412
-2.65662 0.52765
-0.213744 0.389085
-0.123507 0.434865
-1.37075 0.48527
-0.307342 0.68045
-0.703365 0.114318
-0.264874 0.120888
-0.854804 0.51249
-1.90051 0.509141
-0.583349 0.038258
-1.26998 0.743861
-0.507581 0.231382
-0.360948 0.336123
-0.447844 0.248263
-1.71947 0.767973
-2.04795 0.0891448
-0.183259 0.288003
-0.54632 0.325195
-0.70955 0.630666
-0.177445 0.426931
-0.142704 0.425181
-0.171776 0.363826
-0.463965 0.420596
-1.00004 0.686906
-0.217255 0.327504
-1.04116 0.282613
-1.60544 0.43338
-3.43358 0.27281
-0.727912 0.273069
-0.177017 0.30449
-0.183574 0.285336
-0.746181 0.781019
-2.79251 0.341467
-3.25667 0.154165
-0.334826 0.129459
-0.374974 0.154134
-0.694506 0.154232
-0.171916 0.204344
-0.906907 0.00660975
-0.105314 0.889046
-1.54788 0.422968
-0.470826 0.638523
-0.107747 0.0610371
-1.5102 0.799297
-1.09995 0.122304
-1.34691 0.339407
-0.717449 0.121178
-0.500273 0.729709
-1.21107 0.791392
-0.660045 0.163184
-1.36856 0.713601
-1.35176 0.464656
-1.45597 0.583017
-0.220002 0.879961
-0.216629 0.678811
-0.12862 0.447499
-0.388105 0.581689
-5.63855 0.432565
-0.494231 0.100936
-1.09561 0.778657
-1.02838 0.341247
-0.446493 0.0982971
-0.158181 0.327275
-0.843974 0.0410976
-0.350486 0.472297
-1.35567 0.238114
-1.04327 0.158976
-0.573083 0.0260676
-1.69011 0.217673
-0.142523 0.863578
-4.06779 0.455757
-1.23171 0.606367
-2.61534 0.308919
-0.26848 0.431088
-2.02555 0.614807
-1.57377 0.0306513
-2.18282 0.183824
-1.5516 0.590713
-0.195795 0.862192
-0.129163 0.614456
-0.188402 0.628798
-0.843472 0.296103
-1.85181 0.0576983
-0.730411 0.0715891
-1.40821 0.285437
-0.768961 0.0538787
-0.579974 0.401887
-0.311153 0.37559
-1.86521 0.484759
-0.904839 0.301586
-1.36942 0.674317
-0.203031 0.468474
-0.232324 0.197453
-1.27279 0.681666
-1.77367 0.462545
-1.32947 0.847818
-1.94519 0.0812154
-0.985408 0.48398
-1.36905 0.176655
-1.15311 0.749355
-1.17942 0.263282
-0.402802 0.747538
-1.44803 0.454946
-0.274694 0.632333
-1.73402 0.276527
-1.73475 0.258939
-0.452972 0.282533
-0.456133 0.108738
-0.21331 0.855149
-0.461018 0.371647
-1.48948 0.648832
-1.02974 0.172572
-0.81187 0.252991
-0.390891 0.674034
-0.409099 0.560473
-1.34284 0.884224
-0.732366 0.195931
-0.964197 0.471199
-0.888281 0.606225
-0.73739 0.867596
-0.749387 0.25666
-0.220741 0.44754
-0.93679 0.0616386
-0.116509 0.577737
-1.18314 0.125728
-0.15207 0.331859
-0.289564 0.393439
-0.203264 0.342498
-2.03692 0.86688
-0.737157 0.200807
-1.62384 0.416694
-0.423897 0.343916
-1.77964 0.325159
-2.61725 0.527485
-0.3151 0.210892
-1.09554 0.811554
-0.825311 0.489662
-0.90928 0.517129
-0.986587 0.31701
-0.956644 0.6678
-0.908213 0.651125
-2.64001 0.363213
-0.159486 0.660795
-0.792826 0.4721
-0.593569 0.507171
-1.21628 0.0113112
-0.126582 0.660812
-1.91744 0.55618
-1.63502 0.103206
-0.497809 0.242742
-0.875351 0.107533
-0.136416 0.118967
-0.176379 0.33533
-0.120118 0.607048
-0.370357 0.50055
-0.371144 0.551792
-2.80701 0.281516
-0.692684 0.154706
-0.827523 0.229179
-0.14483 0.708336
-1.36853 0.575499
-0.198302 0.633848
-2.6283 0.266692
-1.95791 0.346396
-0.787748 0.752925
-1.05755 0.198245
-2.39748 0.657991
-1.20888 0.794462
-0.862766 0.571978
-0.898193 0.0531622
-0.233889 0.472335
-1.32798 0.0317198
-0.464691 0.42948
-0.305482 0.64545
-0.146282 0.0896243
-0.325289 0.263749
-0.774614 0.342934
-0.893236 0.52161
-0.4196 0.868835
-2.89438 0.261331
-0.945938 0.104226
-0.947321 0.186492
-0.637631 0.470732
-0.300307 0.112401
-0.174252 0.740634
-1.152 0.629207
-2.92703 0.822111
-0.200273 0.236645
-1.03181 0.108272
-0.377826 0.679172
-0.591552 0.404159
-0.428047 0.337846
-0.174409 0.303022
-1.50056 0.533312
-1.80028 0.837952
-2.54014 0.73417
-0.406081 0.557901
-0.317236 0.626589
-0.496967 0.387325
-1.96706 0.455284
-2.25611 0.449036
-2.9184 0.107806
-0.872822 0.475658
-0.976747 0.620706
-0.696404 0.890207
-0.459116 0.637971
-1.47015 0.298565
-0.333124 0.00570087
-2.37148 0.119384
-0.730071 0.804547
-0.296022 0.151717
-0.506735 0.606229
-0.127641 0.666999
-0.230674 0.334399
-0.759303 0.688666
-0.884692 0.71508
-0.351499 0.498637
-0.589222 0.233611
-0.844561 0.263128
-0.617531 0.691102
-3.90021 0.0436388
-0.380404 0.815262
-1.09004 0.26058
-0.140182 0.434487
-0.137435 0.0557686
-2.62696 0.193916
-2.09847 0.870954
-2.03067 0.812025
-1.54626 0.0122555
-1.18951 0.56787
-1.87609 0.621869
-0.133144 0.326383
-2.58065 0.125563
-0.67237 0.474353
-0.464736 0.609097
-2.87148 0.379054
-0.241608 0.289036
-0.990634 0.87184
-0.684666 0.708368
-1.46935 0.616101
-1.77025 0.451011
-0.596155 0.274041
-0.720645 0.528825
-0.312176 0.214161
-2.04561 0.779811
-1.84982 0.133853
-0.577364 0.481614
-2.07913 0.726176
-0.714152 0.867209
-3.00998 0.130911
-0.495656 0.888127
-1.06273 0.381791
-1.4341 0.138525
-0.150778 0.711976
-0.422855 0.275087
-2.91079 0.19099
-1.58116 0.619182
-0.428247 0.199941
-3.32173 0.723869
-1.26973 0.251947
-0.468205 0.137654
-0.295042 0.0235774
-2.47356 0.109149
-0.754055 0.776183
-1.27169 0.425796
-0.918897 0.463207
-0.348157 0.316382
-2.00342 0.690739
-2.11139 0.569552
-0.246914 0.6265
-0.579346 0.0846152
-1.02459 0.153693
-3.18188 0.227625
-2.163 0.686089
-0.562206 0.782994
-0.904456 0.259443
-0.315888 0.145948
-2.43441 0.110652
-1.52145 0.582821
-0.347602 0.549387
-0.120579 0.893363
-0.4721 0.296886
-0.637662 0.213766
-0.182074 0.468759
-0.262592 0.340552
-2.18259 0.438489
-0.124111 0.900503
-1.17967 0.00985943
-1.24961 0.162207
-0.436057 0.339916
-0.417961 0.676917
-1.37412 0.532526
-0.481457 0.534223
-0.977801 0.838024
-0.362682 0.627879
-0.427547 0.774215
-2.62107 0.743646
-0.436986 0.518617
-0.430563 0.0672446
-1 0.445889
-1.5998 0.811776
-0.190961 0.744081
-0.563907 0.296823
-1.01765 0.696324
-1.49484 0.772643
-2.7121 0.211831
-0.24214 0.047283
-0.708892 0.507209
-2.15438 0.310109
-0.248515 0.762682
-0.108155 0.5988
-0.313362 0.0473579
-2.48899 0.0104119
-1.22444 0.0292015
-2.06023 0.323777
-2.01609 0.478769
-1.61989 0.0940955
-0.885831 0.140915
-0.438321 0.430907
-0.853251 0.259777
-0.973956 0.734036
-0.203626 0.038752
-1.6508 0.524084
-0.862841 0.323751
-0.203844 0.538268
-0.378353 0.458417
-1.37916 0.0130704
-0.151433 0.399704
-0.630919 0.475776
-2.21721 0.66304
-1.62798 0.500927
-2.07559 0.790916
-6.11488 0.813932
-0.110641 0.707059
-0.23942 0.00339196
-1.7299 0.0193395
-0.460978 0.621473
-1.45014 0.365741
-0.641399 0.553374
-2.4901 0.840948
-1.41232 0.713871
-1.20077 0.0275804
-0.22775 0.389465
-1.4269 0.3787
-0.779987 0.584081
-2.02008 0.237148
-0.231754 0.25339
-0.130025 0.6582
-0.458554 0.796834
-1.3387 0.507706
-0.868173 0.673363
-0.374755 0.225613
-0.586338 0.14246
-0.247626 0.728661
-1.21169 0.511754
-0.473859 0.417744
-1.94212 0.0677136
-2.03753 0.160225
-0.688287 0.076222
-1.44315 0.61287
-0.142044 0.251979
-1.00575 0.0717519
-0.290148 0.0353214
-0.267448 0.0335941
-0.385908 0.810853
-0.356598 0.369242
-0.161128 0.638265
-0.961507 0.809454
-0.448291 0.713658
-0.762973 0.437428
-0.181808 0.144229
-0.302471 0.790736
-0.370093 0.625634
-0.308161 0.175247
-1.47747 0.195102
-1.04091 0.47794
-0.565156 0.715234
-0.478313 0.753551
-0.388055 0.0115405
-0.605855 0.283606
-0.844592 0.533341
-2.44899 0.434003
-0.354648 0.133274
-1.8866 0.548542
-2.5787 0.714885
-2.02479 0.640103
-0.708895 0.347511
-0.713508 0.513054
-0.909206 0.0196968
-0.340899 0.223267
-0.75107 0.556271
-0.237094 0.307865
-0.411793 0.882434
-1.27505 0.884661
-0.274048 0.141674
-0.480496 0.824362
-0.559387 0.790566
-0.632177 0.505999
-3.07429 0.694363
-0.873011 0.349994
-1.38809 0.361407
-0.308335 0.490758
-0.591777 0.752495
-1.32569 0.764174
-0.318952 0.208973
-0.294873 0.627913
-1.61204 0.834875
-1.21878 0.117943
-1.4812 0.8379
-1.03486 0.769114
-0.200039 0.383346
-2.21734 0.153486
-1.79442 0.611332
-1.62149 0.13063
-0.798973 0.156211
-0.571665 0.373666
-0.941592 0.78974
-0.688912 0.555653
-3.02089 0.564088
-0.132832 0.749303
-0.270627 0.505942
-0.856223 0.0328885
-0.129192 0.0408704
-3.10088 0.478734
-0.262554 0.172642
-0.948536 0.577353
-1.68357 0.873767
-2.08401 0.0511381
-1.0821 0.291873
-1.66357 0.699936
-1.83706 0.656814
-0.645307 0.158596
-3.56984 0.604961
-3.72441 0.428151
-1.66716 0.329375
-0.414993 0.201096
-1.39492 0.557699
-0.699469 0.214606
-3.29988 0.539621
-2.59692 0.278905
-0.600572 0.433487
-1.23042 0.416493
-1.18747 0.149751
-1.8895 0.458006
-0.317303 0.193589
-0.413438 0.276164
-0.806272 0.647603
-0.952389 0.541434
-0.679428 0.0929427
-3.0349 0.559394
-0.200378 0.858689
-0.888489 0.822313
-0.143668 0.062594
-0.358087 0.0966116
-1.78963 0.740721
-1.2937 0.68113
-2.25643 0.17287
-2.81391 0.688885
-0.316802 0.0221185
-0.336758 0.307764
-0.234129 0.624491
-0.329095 0.551342
-0.377786 0.567587
-0.88408 0.683571
-0.338228 0.756077
-1.51244 0.045568
-4.64146 0.855066
-0.372459 0.0745781
-0.157588 0.405181
-2.60183 0.183022
-2.2128 0.481851
-0.301968 0.457433
-0.492445 0.839746
-0.928265 0.34574
-1.66761 0.652328
-1.7289 0.872088
-0.126055 0.542746
-0.867701 0.0699016
-0.461337 0.791
-0.164745 0.364911
-2.1506 0.899412
-0.642204 0.495391
-0.267674 0.367148
-0.448715 0.498895
-0.109575 0.419735
-0.259129 0.16987
-2.07162 0.593984
-0.675718 0.521017
-0.831185 0.81828
-2.17767 0.494512
-0.666781 0.861048
-0.844553 0.276008
-0.663435 0.018654
-0.575068 0.794777
-0.301163 0.841004
-0.146503 0.268322
-0.861161 0.52624
-2.38795 0.653787
-0.632719 0.701769
-0.216441 0.588009
-0.490588 0.858099
-0.176059 0.35528
-0.405399 0.888384
-0.15977 0.828211
-0.291545 0.548173
-0.545942 0.205692
-0.262038 0.802405
-0.650543 0.783192
-0.134915 0.288481
-0.779084 0.071819
-0.111474 0.710992
-0.357839 0.84368
-0.367847 0.178467
-0.129896 0.692494
-1.57016 0.82902
-0.817058 0.493687
-0.603018 0.893071
-0.127315 0.849509
-1.06821 0.0753374
-1.2362 0.587721
-0.966191 0.191615
-0.128256 0.784115
-0.312683 0.856989
-0.31969 0.286071
-0.228177 0.369378
-1.12212 0.241994
-0.415207 0.117816
-0.244613 0.492366
-3.29118 0.509702
-1.01711 0.117112
-0.116376 0.153119
-0.68734 0.0082318
-1.34908 0.174976
-0.999831 0.105752
-1.31504 0.842604
-4.40756 0.805338
-2.76531 0.224587
-0.878148 0.460172
-0.548333 0.874571
-2.24592 0.605412
-0.647292 0.216286
-1.05021 0.035795
-0.622938 0.382005
-1.18438 0.0357084
-2.06577 0.330518
-1.51846 0.445255
-0.849558 0.534033
-3.19595 0.116108
-1.09387 0.0937115
-0.859727 0.0585048
-1.46529 0.710041
-0.472978 0.564757
-2.57806 0.438649
-0.765293 0.888675
-0.493764 0.153776
-0.679835 0.833225
-1.57467 0.158595
-0.566937 0.620812
-0.19704 0.84884
-2.70666 0.23677
-0.31663 0.802685
-0.843011 0.326087
-3.16303 0.827894
-1.76129 0.8025
-0.148652 0.551578
-0.372492 0.549554
-1.47086 0.760566
-0.571393 0.833184
-0.398048 0.0300434
-2.07158 0.757077
-0.621238 0.503622
-0.131744 0.364806
-0.638359 0.147251
-0.698151 0.178277
-0.705621 0.333991
-1.219 0.590262
-0.276413 0.788932
-0.884398 0.545828
-0.828909 0.346104
-0.176477 0.279152
-0.190186 0.489218
-0.458914 0.165354
-0.81793 0.421653
-0.390127 0.433108
-0.121014 0.163657
-1.31508 0.682431
-1.24472 0.324588
-0.487712 0.602102
-0.740402 0.459887
-2.55123 0.459372
-0.722992 0.410676
-0.699164 0.84979
-0.371004 0.81646
-1.58122 0.230322
-1.06047 0.823698
-0.802314 0.0779927
-1.4498 0.337389
-0.15008 0.37548
-0.642342 0.330954
-0.556196 0.774614
-1.34304 0.706373
-0.901446 0.212762
-0.581339 0.462431
-1.57808 0.300206
-0.672962 0.616502
-2.40963 0.641153
-0.455514 0.889387
-6.14805 0.805864
-2.06359 0.272918
-4.81319 0.514828
-1.74369 0.128538
-1.23701 0.715365
-0.163759 0.650623
-0.363635 0.225982
-0.921508 0.270168
-0.642812 0.071842
-2.16452 0.759699
-1.15164 0.510488
-0.612885 0.526792
-3.96434 0.379597
-0.337637 0.847217
-0.479155 0.390458
-0.254383 0.130615
-1.47783 0.889738
-0.370676 0.169576
-1.04825 0.828445
-0.649667 0.649593
-0.30151 0.50948
-0.301856 0.89948
-0.461151 0.187333
-1.56665 0.615588
-0.510017 0.645909
-0.300107 0.736542
-0.303049 0.6923
-1.12226 0.835433
-0.473577 0.0653818
-1.55808 0.0173
-0.45217 0.0778621
-1.12929 0.42456
-0.913066 0.604361
-0.236985 0.604913
-1.22051 0.0735578
-2.9625 0.378405
-1.50422 0.194973
-0.428634 0.462843
-1.30247 0.872165
-0.6498 0.647186
-2.58447 0.625793
-2.33467 0.467123
-0.913592 0.110476
-0.369291 0.375905
-3.42667 0.64632
-3.45142 0.653534
-2.32629 0.572741
-0.138004 0.111838
-1.81541 0.622765
-0.385369 0.635997
-0.264786 0.0186949
-3.66016 0.0804383
-0.430164 0.508203
-0.901256 0.0636156
-1.13166 0.474431
-0.685179 0.899524
-0.919113 0.180811
-2.15145 0.658158
-1.30575 0.252677
-0.298137 0.609878
-0.147106 0.348715
-1.43871 0.785422
-0.871245 0.399589
-3.35502 0.80064
-1.73025 0.423991
-0.105824 0.678386
-0.453042 0.0316234
-0.147279 0.0178433
-2.26468 0.570138
-1.78985 0.878452
-1.08582 0.075074
-2.5441 0.875209
-3.28644 0.629534
-0.851699 0.854234
-2.67404 0.432964
-0.356952 0.578102
-0.294857 0.871983
-3.76569 0.860067
-0.565625 0.369352
-1.13599 0.0556158
-0.909082 0.630343
-0.910599 0.735714
-2.54148 0.300085
-1.92718 0.573645
-1.90363 0.746542
-0.791743 0.620456
-1.08332 0.0800579
-3.38308 0.353697
-1.41311 0.264579
-0.497277 0.726652
-1.53824 0.566396
-1.40565 0.225776
-0.702512 0.844
-0.290723 0.520598
-2.21981 0.420134
-0.108314 0.73728
-0.980252 0.900506
-0.195822 0.212876
-0.867427 0.757944
-0.133165 0.417107
-0.118326 0.0853171
-0.558141 0.286348
-0.898057 0.433699
-0.893326 0.323941
-1.70089 0.318627
-0.113905 0.248599
-0.962 0.119083
-0.324648 0.75109
-0.179946 0.0933772
-0.463311 0.57393
-0.779819 0.653738
-0.312802 0.261673
-1.34693 0.821826
-1.99609 0.369776
-0.356119 0.7402
-1.46906 0.551901
-0.177879 0.173611
-0.507329 0.0529944
-1.66606 0.647328
-1.61795 0.452347
-0.517831 0.277429
-1.37547 0.840827
-0.344997 0.789285
-0.550229 0.295458
-0.923056 0.642851
-0.517464 0.41947
-2.41144 0.469256
-1.11036 0.37571
-1.41711 0.815428
-1.62015 0.333408
-0.770715 0.300371
-0.171645 0.536256
-0.177324 0.050467
-1.92848 0.0793844
-0.188213 0.780841
-1.20029 0.268706
-0.599986 0.723734
-0.845241 0.299115
-1.86763 0.347929
-0.842143 0.799326
-0.8124 0.410344
-0.771634 0.295798
-0.888013 0.388735
-2.90761 0.859044
-2.02245 0.826469
-1.32065 0.470401
-0.523169 0.738888
-1.20888 0.0699092
-0.416048 0.308013
-1.65612 0.772633
-0.560264 0.392069
-0.16931 0.580589
-0.150107 0.357952
-0.518982 0.518703
-0.936256 0.69593
-0.147881 0.113877
-1.29622 0.286176
-3.0818 0.561679
-0.481279 0.756246
-0.320974 0.803041
-1.29652 0.162582
-0.636094 0.262652
-1.75049 0.448615
-2.80165 0.23381
-0.89347 0.568738
-0.528036 0.551245
-0.81897 0.734524
-1.922 0.202786
-2.16571 0.400122
-0.256608 0.330411
-0.244531 0.344104
-0.913269 0.711484
-0.855015 0.578663
-0.227752 0.433717
-2.35302 0.408167
-0.894142 0.801412
-0.348598 0.652263
-0.177723 0.155557
-0.227358 0.417487
-0.9286 0.564161
-0.920849 0.538546
-1.55528 0.202942
-2.57724 0.353853
-2.12731 0.0428979
-2.50336 0.757312
-2.22509 0.297816
-0.692027 0.380223
-0.933825 0.200445
-1.70336 0.145826
-1.59407 0.179151
-1.33664 0.362217
-1.46802 0.288452
-0.67015 0.0793892
-1.49927 0.128478
-0.247051 0.391185
-0.891919 0.710519
-0.201553 0.219375
-3.14349 0.870484
-0.501074 0.67056
-1.0205 0.389502
-0.807775 0.78555
-0.325182 0.655531
-0.31545 0.328867
-1.43621 0.693224
-0.243234 0.668117
-0.136427 0.448306
-0.140137 0.461952
-0.254212 0.349193
-1.38845 0.140717
-0.66569 0.51274
-0.885629 0.727598
-0.789458 0.346987
-1.25878 0.399833
-0.286047 0.858523
-1.73843 0.226531
-0.683031 0.49726
-2.90603 0.451388
-1.88638 0.256797
-0.623438 0.848886
-1.51948 0.303941
-0.889345 0.584045
-1.09698 0.218696
-1.57042 0.482529
-0.782363 0.389278
-1.82669 0.593835
-0.186915 0.0634634
-1.33015 0.0607968
-0.119022 0.521599
-0.735822 0.0153333
-0.526195 0.895373
-2.95575 0.712718
-0.162007 0.763653
-5.3615 0.195029
-0.191782 0.364535
-1.23088 0.0445242
-0.171696 0.17214
-0.258743 0.501848
-0.391694 0.592725
-0.305912 0.809478
-0.314461 0.0870136
-0.588357 0.77617
-0.580505 0.339311
-0.289142 0.083794
-0.452479 0.567395
-1.2099 0.468769
-1.33808 0.318914
-0.109678 0.342639
-0.786439 0.779424
-2.83234 0.105962
-2.1988 0.339305
-0.93872 0.691152
-0.844154 0.123684
-0.190485 0.819368
-1.70849 0.039194
-0.612821 0.0543828
-2.27054 0.314681
-1.02881 0.698104
-1.27513 0.680864
-2.7343 0.497384
-0.788537 0.0534915
-1.76423 0.29081
-0.158007 0.30193
-0.442231 0.771818
-1.3165 0.401681
-0.518189 0.19625
-0.143619 0.246152
-0.112283 0.818254
-2.43246 0.111385
-0.140571 0.608739
-0.470988 0.539732
-0.193698 0.483112
-0.74611 0.813261
-2.10035 0.779168
-0.12948 0.799453
-0.819305 0.644082
-0.779638 0.140292
-0.237999 0.724293
-1.78385 0.781977
-1.74908 0.77182
-0.109976 0.0213638
-2.75056 0.0856033
-0.416792 0.542309
-0.540349 0.164867
-1.97163 0.152552
-1.43033 0.641502
-0.761824 0.262352
-8.03183 0.130795
-0.603353 0.709316
-0.538248 0.729582
-2.51239 0.437571
-1.39384 0.434544
-1.57348 0.632702
-0.34684 0.558718
-1.1288 0.0305911
-0.289673 0.756153
-0.650409 0.716635
-2.19476 0.0787152
-2.11278 0.237438
-1.27501 0.590264
-1.11098 0.117244
-0.310629 0.475408
-1.23964 0.4076
-1.85085 0.615874
-0.230937 0.697247
-0.252708 0.550975
-1.85486 0.619465
-0.891593 0.703496
-1.06061 0.365133
-1.83613 0.51284
-1.03728 0.606156
-0.781496 0.569858
-1.59096 0.523625
-0.752496 0.766589
-0.616383 0.113113
-1.30347 0.027758
-1.14433 0.610017
-3.33687 0.782598
-2.69774 0.0619184
-1.16317 0.619387
-3.01989 0.136297
-2.34388 0.368203
-2.63714 0.197587
-1.15724 0.535666
-1.55666 0.118064
-0.563251 0.832191
-0.243451 0.846462
-2.10403 0.530506
-0.78081 0.587754
-2.46358 0.503894
-1.37031 0.724292
-0.238256 0.653253
-1.22852 0.0482415
-0.329571 0.0580725
-0.738186 0.708406
-1.83208 0.807573
-0.396871 0.117731
-1.12674 0.65821
-1.55847 0.203457
-0.257404 0.0929362
-3.61362 0.374492
-1.93667 0.402064
-0.147655 0.588554
-2.7785 0.539781
-0.619769 0.711395
-0.608565 0.284534
-0.441864 0.121911
-1.79941 0.491395
-1.36557 0.452485
-0.168791 0.754357
-0.118387 0.685508
-0.497823 0.131869
-0.754268 0.555066
-0.42829 0.187514
-0.582894 0.0267496
-0.254301 0.180567
-0.403718 0.183617
-0.359043 0.825168
-0.575009 0.63721
-0.150056 0.187368
-0.240462 0.719603
-0.58829 0.103161
-0.373688 0.540281
-0.372184 0.705435
-0.784043 0.0574508
-0.595778 0.297933
-0.131712 0.616525
-0.184323 0.753794
-0.859206 0.40157
-1.29649 0.761489
-1.91778 0.0938976
-0.173773 0.791233
-0.614694 0.76901
-0.58582 0.67123
-0.292129 0.243555
-1.07445 0.0218101
-0.365564 0.220787
-0.850499 0.593191
-0.346107 0.425551
-1.60121 0.795143
-0.218275 0.305997
-0.403207 0.0129463
-0.603335 0.166086
-0.429284 0.172085
-1.29384 0.793911
-0.309645 0.418145
-2.04315 0.889541
-1.04396 0.292361
-0.745284 0.0937617
-0.428766 0.658183
-1.19913 0.720542
-1.2954 0.241949
-0.474962 0.441492
-1.38613 0.330523
-0.814247 0.827514
-0.764058 0.215202
-1.22502 0.414106
-0.129105 0.474389
-0.481143 0.263881
-1.23368 0.865419
-1.8361 0.523965
-1.72355 0.790184
-1.38841 0.741775
-2.51084 0.310918
-0.565975 0.512144
-0.143659 0.77388
-0.484203 0.388884
-0.514832 0.380164
-0.353084 0.148434
-1.4284 0.00440095
-1.24059 0.11698
-0.952455 0.839249
-1.13734 0.100858
-0.308943 0.380483
-1.48731 0.0608417
-0.657628 0.900128
-2.41474 0.826798
-0.336236 0.0300433
-0.653008 0.58388
-0.469057 0.351613
-1.99773 0.0919724
-0.202796 0.121351
-0.342056 0.883042
-0.657291 0.855684
-0.238476 0.136585
-1.91708 0.199221
-0.95271 0.52218
-0.823736 0.755767
-2.22449 0.566028
-0.92832 0.206747
-0.152189 0.429854
-0.251928 0.881798
-1.05721 0.477712
-0.26488 0.153823
-1.86446 0.651948
-0.496813 0.576067
-0.623935 0.115139
-0.501387 0.796827
-3.36414 0.850202
-1.03423 0.881107
-2.29385 0.350202
-0.529525 0.348191
-0.524718 0.694268
-0.189127 0.693481
-0.967974 0.870835
-2.89103 0.608985
-0.426185 0.550008
-0.436611 0.0588034
-0.281267 0.278384
-0.661167 0.732395
-0.402402 0.124996
-1.0674 0.654413
-0.916182 0.0952396
-2.9381 0.720194
-0.562545 0.515763
-0.244605 0.137363
-0.506306 0.450573
-1.1348 0.0603107
-1.85389 0.735961
-0.842338 0.409384
-0.255213 0.104639
-0.434635 0.0543891
-0.329821 0.719941
-1.15912 0.579952
-1.92631 0.7746
-0.890581 0.35378
