64
70.2983440524233
4.53156993134809
-10.5193132601157
12.9637283035137
-5.71116696916624
-6.81874816997099
6.01985310850504
-0.11184817137157
8.77661819541965
-8.45510333198036
7.11249699643859
-1.91644132865202
-2.31581830406243
-2.34956772700836
-2.41822431041439
-0.757144722673825
-5.99284926277511
-4.47536564778104
8.1378772528474
7.42764255444757
5.28746641898681
-7.09616424908031
3.184486230767
-3.8066826393466
-1.2022536956212
-17.5071145899113
6.8953797642444
4.7321543092336
-6.6103949506621
7.39893408265665
-14.6147272057804
-18.844536474255
-15.5983516236652
9.0339835280419
22.5635004081685
-2.21516665208557
-5.32363892987374
1.01057500364911
4.0213069910138
0.380509760432951
0.233154923959873
-7.93539329289015
-0.740467753297942
7.64661512245015
-23.6642328658636
7.29903384111993
-3.72518471858162
-6.21826565867656
7.20268124797816
-14.3872564482654
2.85162406364044
-13.2122553144536
5.2266147436596
7.07160487065518
16.41606059951
1.12687060416587
-2.86779002000585
-16.245613164276
15.8464373241942
-7.292324317149
16.2585804540713
-0.869301188349759
-3.62580187379182
8.15888962137333
4.53156993134809
68.829662051835
9.52611106951184
2.72904476846539
-5.04191951703041
3.41153621829048
-0.791073437113156
-0.704425749284058
14.9527684367434
-2.84374655568349
-10.115806086293
-2.18452527084546
2.86621169600118
7.63440238088137
-1.15713021005375
-0.637176303870391
-6.21785718701892
7.4693302168521
6.86103521393612
-6.30651124351355
-6.63709897918185
-7.15041637239122
13.5902558926971
-3.10538984503064
0.827929017104261
-8.37423999102139
-2.49246635296739
-5.46920677585534
2.8304823063468
-6.51463880179661
-4.8652346103236
-30.4819678447863
-8.05067221952119
-17.2264143540319
10.048074936015
-9.14283703884018
-3.9355126875935
-1.50542427042819
1.33693871473069
-4.58222713456909
-9.10528109179434
3.76245651981162
-0.907298478537793
3.23857968619186
-8.56661205729315
13.1633123301938
11.1811762971068
-8.66942193423105
-5.91369774443287
17.7845682427329
13.2433440409612
5.61290003755365
5.63084524172322
6.31851882268377
-7.47551355662597
14.8984735160545
-2.74021182788449
0.352290456504472
6.234484365603
16.887962551103
-3.15903010586066
-0.626314642188099
17.0121513653064
5.31383615652142
-10.5193132601157
9.52611106951184
62.0760937509302
-4.60640925071146
-0.0307904855659368
9.46432492401226
6.39016211586281
-17.4831935062713
-5.79080163075091
17.1642650338102
-7.72460537962955
-14.0765595589565
6.37789438218317
4.85909576929186
-8.03087249291598
-5.1029439157045
0.932793716562044
2.65613539056872
6.32642366689266
0.00493773213334947
4.26758025851391
2.61023071199916
5.30933375481024
3.37221744208283
8.95578734186931
3.97505296396137
6.02301850432477
-1.13754440825271
-3.37600013728341
-6.82052293941023
9.33994644083219
-7.16390213765193
-2.82729545607702
-8.79500755418111
0.761431767142967
-1.41041082501137
10.8533262900428
4.15289601290937
-7.47849235358992
8.42014287801402
-2.57596031008814
8.12932474224418
17.8541363944311
-5.13092524966613
-3.70541502728599
8.30293657442298
6.12104870152322
-5.47928172475734
-14.372522837572
8.9601448659493
1.94207952516632
1.96043461285761
-3.2229253603728
-19.1797730600681
3.1118688109529
5.36574587555156
-3.55190047016937
-7.59369514315749
-18.2002196743266
-1.4235750749584
5.29655215627999
1.29963941718634
3.40534578727898
3.63722018931879
12.9637283035137
2.72904476846539
-4.60640925071146
75.9991068758559
2.40440872409206
-9.97178680773025
1.01714495980726
-4.241404095341
-1.03385998051667
-0.204419130915617
8.69469434258026
-7.33237280032731
-19.0773127094749
9.24188408197925
-8.4298567547852
19.055229543143
-1.5218333492442
-0.537605312608669
9.53892923769241
6.52989168777101
3.97429343111412
-11.8588061072546
11.3875604040294
-4.91969046895751
6.96578431865449
-4.57949461648043
-7.64802001221083
-1.09061400495869
10.5856190292445
6.65736862214457
13.6697482587633
-9.42598270010408
-13.5225543934822
-7.39992783183623
-3.48893657350956
4.4577746361086
-18.256508552508
14.3268397437506
14.8249870294544
-3.69513159097274
-3.85263706092986
5.97662379017944
6.32474063885826
-5.78806118743986
-0.88911761659439
-0.915331120501277
17.0320590695723
-2.19035932036442
6.35868279426381
-15.0653859307424
-9.74503832668566
-1.03571993027141
-8.33743355014437
-7.76964985178788
4.49094794687689
7.09053370347331
-11.4894479637958
-4.35330975739234
3.40811308947062
-6.0479127440378
1.90141806218077
-2.26660118617942
-1.01230814092322
-18.1310262188852
-5.71116696916624
-5.04191951703041
-0.0307904855659368
2.40440872409206
56.583126845448
-4.40510171686558
1.41389040520454
5.66343346360125
-15.8782583456654
9.12087055959591
5.22853540607639
-6.66438484958466
4.14323809512775
5.0462333185861
-7.25385902987033
-5.9412866311283
1.92558089866211
-17.8795864245951
-5.6273615398138
-4.66387621257265
12.2659877370502
5.40557826758068
-3.05520825508201
2.94618088789762
-0.227938928641404
10.9816198756077
-9.11291496717062
-0.820604864288719
3.83959675461937
-4.88246422876236
-3.98729462716995
5.26881946955899
-2.54079343094125
17.3394554054598
-7.81651421822229
-0.834269675664245
4.51613927012409
-0.983414266030047
-4.6139257900615
13.1184869009362
-7.75705289979776
6.68230775697221
7.87993232496708
-5.85546309935173
8.64091208926695
-7.05577605325706
-13.2701656030114
8.35012718826488
-9.11830576475
2.0402273745767
-3.81490152201307
-0.301689938326851
-3.71378470599951
5.6892998346438
13.4512272727598
-20.1374064708337
-5.79374727211957
0.899764251947531
-2.37099225985533
0.120586503763903
8.11695150225127
3.0264453943459
-10.7165022000656
-17.7301684588839
-6.81874816997099
3.41153621829048
9.46432492401226
-9.97178680773025
-4.40510171686558
79.4845983380172
10.5224933704471
4.19956786333385
-17.0658548033459
12.3359208838452
1.90847574266253
1.88519948031793
12.2871487561687
-13.9565406956194
-13.2218360872874
9.41812298460071
-5.44719345803407
-2.68050291527852
1.98388061843078
4.19914939970273
-3.01999167008655
-3.67699229070271
-5.4157103316335
6.83039083600543
-1.48009862275457
1.61341044808412
-8.47217002320902
-0.194156187854103
2.02686585838564
3.25340966190881
-9.16721478011601
8.63278119228007
-4.17180752179985
12.8590742624407
8.66688081373151
-7.64309992993895
-1.90535820841337
6.53108065671088
-8.21788415081727
1.14864763426428
16.0077827081673
-8.3007983282448
1.49972484391922
-6.84317273840972
13.5008172334548
3.20447501008524
12.1924257763946
-13.9334620002555
-7.255011312974
4.43161233645609
4.74530791476395
7.45472005881189
4.7974227236878
0.409322484135964
10.2999032592573
15.195388650997
9.06193281145322
0.993261803091254
-8.21260527502644
1.74451414249348
-20.3280437422482
-0.141625224374218
-9.754037945058
18.3993448442738
6.01985310850504
-0.791073437113156
6.39016211586281
1.01714495980726
1.41389040520454
10.5224933704471
65.0415465738231
-4.60575136032653
-9.89590952581193
-3.30091340721756
21.563200905259
-7.27006724960883
20.5999948672639
0.924576054006646
7.71568081616342
-0.0292417517001138
1.24215491494205
7.98110221910176
2.2731145984201
-1.87028068626441
5.40060732123794
9.28512729219046
-3.94441009557284
-5.67804448391472
6.86378979480895
18.1371403062429
13.1141492515538
7.63380538136362
-20.552948441682
4.682542553886
14.1447923286493
-2.19483353422228
2.51346842101798
-2.48116024787372
2.80629145644296
-0.957434347949736
-2.22689221488925
-7.12349183174653
-10.6350658636101
7.94745568972668
13.442547985821
6.8679799696476
-4.08773981127556
8.29090622460233
-7.09682711425558
-8.38384450471765
-2.47737847271022
-5.64425086330221
9.95815597005562
0.0210407785662079
12.6834492032595
0.542171927933083
4.86165640739646
-6.61558817111678
15.6995134182835
3.86142905027387
-16.5017739670567
5.53534454787897
3.43692470755529
-3.06237248284807
-0.0618880735433092
6.10416659497065
-6.03569453664291
-7.02041963690487
-0.11184817137157
-0.704425749284058
-17.4831935062713
-4.241404095341
5.66343346360125
4.19956786333385
-4.60575136032653
47.7928923331014
-9.30773897021081
-9.29718254370744
5.19125337336908
7.99871993218926
3.3055422703215
-4.84862801076946
-3.19142534926365
8.88104370107833
2.6937422765366
-9.41691290043222
0.718856236281821
2.37435887217317
5.77210022839971
-1.01161062247683
-1.04365774252675
-1.93383679290773
-4.52955879817672
6.67337860195829
4.28093659851958
4.55644032936726
0.857440485951747
8.07822347888287
-14.8610407550483
-6.88966473658897
-3.04596717878379
3.65371069362945
0.986019662159649
8.47960983824566
5.45573186444802
-0.538766701714604
0.942575404218703
-0.796119848203604
0.708405155058643
-3.41823915015485
-6.72837679780597
10.5977268201039
6.36957059162987
4.48136066669386
-7.27496966579783
13.5808830481997
-9.9912518840227
2.58935910218416
0.468201062268613
3.464723677906
-4.91323337984603
12.7886423414845
3.03891547837158
4.14166056238732
-9.67562931647083
0.307466226765444
6.51992682073194
-0.314810422553599
-7.19317428062328
2.98133868169001
4.41543968708043
8.02007808529082
8.77661819541965
14.9527684367434
-5.79080163075091
-1.03385998051667
-15.8782583456654
-17.0658548033459
-9.89590952581193
-9.30773897021081
66.2565417561925
-0.795614573286476
-8.07016907939775
6.54047442105002
-1.02988856634482
3.29738903739514
6.22331763202055
-4.69245262688724
-8.23285394702332
4.7888402323878
5.76639670330689
8.6121085342994
-4.14427417219549
1.72666940862855
16.6100408874808
0.572660505371998
-4.06157376471857
-1.20634824144547
13.3725253340892
-0.0229958772612791
7.05050881153331
-8.76438573336352
-7.11594569002961
-7.64510196089183
3.14087473571674
-14.5392346458937
9.74715286456321
3.8590229354684
-7.75628990234624
-6.19928125715412
18.1701378229445
-5.30261093253832
4.04318391799487
-7.97943143737953
3.2319382342111
1.07030669610445
-4.32826885101928
11.0619456887461
15.8772391275353
-8.62925936569552
7.45659941104473
-0.731004772375995
-1.03053415134071
-3.30314616749743
1.50471010150342
3.89567390929207
-2.72098639931394
-11.4342981977689
6.3884177360862
-2.33857638644644
3.11323808348622
16.5996707598851
-6.25259770336972
9.18890874097405
10.5328358186715
-7.50994501142665
-8.45510333198036
-2.84374655568349
17.1642650338102
-0.204419130915617
9.12087055959591
12.3359208838452
-3.30091340721756
-9.29718254370744
-0.795614573286476
95.5389855318849
-19.674318477255
-15.0210840453433
3.54146192373342
20.1519023677968
-16.6168296195591
-2.8825452124272
-7.45038342253793
-3.2297756522324
1.14920665218951
26.9216801303914
16.2343967177104
-9.53082099094945
17.8627305875081
5.27233132741692
-2.60359122156293
2.18852200774894
-6.86449432183611
-4.67470206711565
4.48698214386654
-3.51936466820359
8.8139129800648
14.6306203865596
-6.09922791346261
11.7695357480716
1.25004870112462
1.24395065091998
6.58172639979481
13.8714259015121
2.36537252717748
-8.24444865665339
-5.20104927473466
5.97440288728601
1.99637830508924
-0.45149257564004
0.229815557094229
-7.17516947421084
-3.14415655795804
2.88522795264606
-4.44192256115819
14.3755196055849
-4.051935422534
0.616720975056896
-3.93827642974844
2.5900369032615
13.0931699488366
-2.04487840319816
5.92421504416233
2.1491321361068
-8.99877331637125
2.77664967304861
-4.18430141137601
-19.9568758444755
-5.26350593560392
-7.86208609919573
7.11249699643859
-10.115806086293
-7.72460537962955
8.69469434258026
5.22853540607639
1.90847574266253
21.563200905259
5.19125337336908
-8.07016907939775
-19.674318477255
56.1983361853224
3.28381429344682
9.8216083139542
-8.09335401756498
14.0944777815724
-3.22801369802315
-6.98974873032331
4.29975925532819
-0.983268041024593
-3.60521854541993
-7.76538305028065
1.41299492770983
-1.83746182823309
-15.4477176526325
3.79617671615133
20.1745998314242
1.81631535215516
11.2236981019632
-14.8652621734206
-1.6059402238187
7.09164054744216
2.92898110626135
6.1829511163728
2.34984783533052
-10.7346686178663
-3.93591588562362
-15.4372985606885
-0.214544170183169
-10.6308813649691
2.89686307263899
5.41315978200025
8.83164640687939
4.49044288154567
10.9000464494374
14.8611782012359
-0.866488525571603
-16.8973533706065
-4.16654561314326
4.14956287800494
-4.06162918727959
6.92756196358078
-9.73444809423265
-0.93478118618944
-0.573749358250346
-1.31436493760812
-9.75294020880705
-8.54547138841523
10.5976224623119
8.06875361237914
0.284315517010559
1.18391526778582
4.98666283072836
-1.32887950250285
-0.470615579163924
-1.91644132865202
-2.18452527084546
-14.0765595589565
-7.33237280032731
-6.66438484958466
1.88519948031793
-7.27006724960883
7.99871993218926
6.54047442105002
-15.0210840453433
3.28381429344682
68.8007396945178
5.12621549007486
-7.14325709487979
-0.697855790122142
-4.21805956431572
-8.50843303504443
1.86578366540427
3.92976120473258
7.71679335379652
-20.2468867887275
-0.893349924284401
-11.7272918229964
1.64364461676095
-7.79550397824622
-15.7132009876368
-5.3362455250455
4.74377099741364
4.66052798024939
-0.745688668681699
-7.83266390971112
16.4200488259787
14.812608688428
-12.734956749946
-2.47018207579903
0.086913454220892
-10.5950655586265
-6.43110437530749
4.77753914399573
15.3548413759802
4.06844834324221
-11.9113140523106
-8.31115064556301
1.20269107981852
-0.512589920749251
-3.69073553067873
6.73692102228216
-5.37778146383822
-5.64527858852455
-8.36846830869825
12.4476248285196
8.04976241013972
12.4258785869642
5.45473765598599
2.22302680112469
-4.52438414619451
13.0751621624395
4.07630425158342
0.982429710623686
4.25404136441247
-8.77578414203096
2.96518399594157
13.5367737770687
-3.19476110895659
-2.31581830406243
2.86621169600118
6.37789438218317
-19.0773127094749
4.14323809512775
12.2871487561687
20.5999948672639
3.3055422703215
-1.02988856634482
3.54146192373342
9.8216083139542
5.12621549007486
61.4006004451392
2.73979500778498
7.16120586607874
9.5128736350571
8.82151450893447
12.5156077380167
-0.724417388317152
12.0937052410829
-0.778585898934037
-0.672055109296807
-2.57291748491996
2.54214479108605
-5.91460090267956
7.16738597272296
5.9026516380488
-0.500830925367578
-11.8268302770149
0.244269776561259
-4.8056084846454
6.06883465603215
-9.01794482884361
-8.92406817029726
-4.38502755808356
-7.16443348347009
9.17209666653263
1.13057146101827
-16.8207431419998
5.25647899092801
5.28706187298851
-14.0883356082077
-1.86412925829058
7.68949549192744
3.13453109133927
-2.74324996770041
-1.45542373107497
-2.02744510091254
-17.3479681348262
10.3411748121037
13.4931841033003
11.4856951045903
19.1976090376499
-5.83147809221138
0.738423114383047
2.16405128252667
-8.61566499515768
10.7548219903595
0.306896847676823
1.24706921657516
-0.933805878339836
-7.74270137642419
-0.223236736506268
2.06426027122221
-2.34956772700836
7.63440238088137
4.85909576929186
9.24188408197925
5.0462333185861
-13.9565406956194
0.924576054006646
-4.84862801076946
3.29738903739514
20.1519023677968
-8.09335401756498
-7.14325709487979
2.73979500778498
68.0290782846331
3.8004930059018
-4.56034745815782
-14.5441296383851
11.8838806959738
8.06772031226624
7.5559528014037
12.0574910790406
-1.64714004317025
28.4596072926082
0.789616135792417
-2.14554952530921
-1.56311972053101
15.3115501155598
-7.77248734187076
-0.103697160675066
-3.49354707831737
-0.478185908469192
-0.508197656334971
-3.9860887445509
-16.2929875889042
7.76227972626453
6.14682515474096
-6.15258695300962
-4.03947897869438
-9.36191083191385
3.75922040977582
1.62483344615569
3.3337123290326
15.851148519009
-4.67171121870514
-10.5896341975294
-9.35950217299983
-0.392413472591933
16.8766721463878
-9.53917004950187
10.9050351134733
-4.2513975951982
2.22963357998607
-12.8856937675917
3.8951292369681
-14.2903519223055
0.293503143314817
-4.44907054088775
-4.25816070388617
5.0153721515463
20.8890423358038
17.0436258985584
4.03365111329548
0.298630010582273
-0.917863940400547
-2.41822431041439
-1.15713021005375
-8.03087249291598
-8.4298567547852
-7.25385902987033
-13.2218360872874
7.71568081616342
-3.19142534926365
6.22331763202055
-16.6168296195591
14.0944777815724
-0.697855790122142
7.16120586607874
3.8004930059018
60.9188654797205
-5.91175077783977
2.14561126178784
14.0138269762199
-2.22420350378085
-15.7558296865896
-15.3354823477703
-1.99819776965354
7.30464388811654
-13.0909274584001
-3.84808002169059
23.9425297189167
9.82099064389296
4.54206479343239
-4.22039322184779
-5.17315628683663
1.2521203620494
0.946496678869036
12.6403356428431
-9.47536089181101
-4.56752183456854
9.65692455140115
9.20075233939827
-12.3361299966988
-10.1124161221617
-17.5175525295082
17.4961331674153
-5.12451466292132
-1.36124029173248
7.07839079594284
1.80667270435852
-5.55301177493814
-7.00042593270574
-9.76550728134154
8.42669611619373
4.23659614068727
-2.14860350356316
2.03144667153226
5.28650320852875
-8.8106894956587
-9.08374559748576
1.97398659964704
-2.25378689438834
4.71805711358745
24.293916337074
6.27885772234898
-4.73817958258504
4.13982133325903
3.74834866392596
-3.0186634886008
-0.757144722673825
-0.637176303870391
-5.1029439157045
19.055229543143
-5.9412866311283
9.41812298460071
-0.0292417517001138
8.88104370107833
-4.69245262688724
-2.8825452124272
-3.22801369802315
-4.21805956431572
9.5128736350571
-4.56034745815782
-5.91175077783977
68.9042727416308
5.1350432882978
3.23224068728509
-4.00115852927864
12.1269421035198
15.0230828526524
-9.00053481650155
-11.6829519507916
-19.1998233048562
-1.79012266770498
-3.0442099660194
-6.6560435992703
0.810897707626939
3.81776166226957
13.9581535735314
0.375498579778429
-0.482656327368761
-11.5041888736491
-3.82481354372136
7.21494317208505
5.37028254187336
6.18558775950659
11.1847141756578
13.7831077629322
-8.86720029249488
-11.5648753728523
-8.55568365969133
-5.85186163854664
-11.3555016549171
2.88148743095434
4.41626455927507
7.33715356140706
-1.0876531196721
-2.2340612706611
-4.31755537332064
-13.9792237404019
2.83833386773783
-6.37706148693027
7.39751736108969
9.67929845216222
23.0008054026883
-10.8917809325746
2.94079913782105
-10.539054136558
-6.71000090627386
-1.71205906041001
-1.93185891045299
4.47540465013947
0.512399921931613
-5.99284926277511
-6.21785718701892
0.932793716562044
-1.5218333492442
1.92558089866211
-5.44719345803407
1.24215491494205
2.6937422765366
-8.23285394702332
-7.45038342253793
-6.98974873032331
-8.50843303504443
8.82151450893447
-14.5441296383851
2.14561126178784
5.1350432882978
63.6261973743545
-2.3520428792214
-5.89731735567131
1.45335854643416
0.102948267675296
12.6478366991527
-6.67015848531884
7.78364642471923
-0.439915717060656
-0.513751200319898
-4.0313655409486
7.22894208042864
-2.3454045563059
4.91132001272554
5.90873819624276
5.20513285305805
-9.87628368615864
2.87956716486652
-9.5334467860078
15.9216183152499
8.25921798058594
3.90539083538
-4.03303387555257
0.453955634880962
-0.68643082307163
-6.32505451407918
-1.10622470126088
-5.26768179124418
0.537800146458808
-1.42543528798404
-7.66538411692531
-1.43068700750751
6.78057562074385
-3.96635227600178
0.817811190352967
-2.88401746222782
1.98384570706233
-14.4478437779389
1.07425629449513
1.03817718879809
1.45713909821406
6.46713817401851
-1.38590045181473
-14.9960895755585
-7.4025252836129
-10.6839510475294
-7.18926652149077
-2.86496520730287
-4.47536564778104
7.4693302168521
2.65613539056872
-0.537605312608669
-17.8795864245951
-2.68050291527852
7.98110221910176
-9.41691290043222
4.7888402323878
-3.2297756522324
4.29975925532819
1.86578366540427
12.5156077380167
11.8838806959738
14.0138269762199
3.23224068728509
-2.3520428792214
74.5657418534356
-0.199794765800866
16.2576509253611
-4.29129577667355
-2.00225014119777
8.30019711342424
-3.5221265479847
-7.39890164057959
5.72763741072381
0.783791291670529
9.92902767276237
-7.20578793953723
10.8268564389723
7.75956494313783
7.59860403724771
10.11562134304
-7.20850592954289
-13.714050299754
1.32569630614114
7.53445365055533
-3.4971336601527
-10.8832811354654
-9.06706420471229
-3.45185232796241
-6.02696262148955
-8.92898348227836
-7.33322949593155
-2.54318928360158
-10.5073200640623
-5.99290061949373
-16.8540121743132
-3.60888389625587
11.1047640052328
5.85158312489931
3.70179990526365
-2.61336122428013
-1.61915654374875
-0.658050968834754
18.9881609077289
6.09672662617005
-1.74511433381969
-5.74116672372919
3.6475331492817
-3.41027853929869
-6.08983496836742
11.5824762135674
6.43046993333894
8.1378772528474
6.86103521393612
6.32642366689266
9.53892923769241
-5.6273615398138
1.98388061843078
2.2731145984201
0.718856236281821
5.76639670330689
1.14920665218951
-0.983268041024593
3.92976120473258
-0.724417388317152
8.06772031226624
-2.22420350378085
-4.00115852927864
-5.89731735567131
-0.199794765800866
47.1734088086988
7.42962066259003
-6.46508931980337
2.38211928596234
6.76833959202721
-7.22301123699166
-5.05397321585331
6.9581615855309
10.9932705670112
-5.27937637842294
-4.25530960700615
-4.78849158150388
-0.733074621928557
-2.31812412950706
-5.77260948003268
-4.29299363036575
2.87365999544144
3.37847964231483
-5.50739831018445
15.0771519746958
3.10594879751068
4.49541349384224
7.46612347518476
-8.47645029935816
2.52086003671212
9.14536991246691
-8.2486398706274
-2.56765087108446
8.8155267702072
-1.18124258321829
-2.23011926654026
4.21916489856188
-4.09277205706756
-5.64544991713786
-10.3890835199302
4.70532933225795
-6.34413050320269
-3.47007178197297
-4.87997689187252
-6.27340817783216
-0.907854887722179
0.070476060008057
0.822454948958316
5.7245971414019
-1.79951747245548
-10.9253771579677
7.42764255444757
-6.30651124351355
0.00493773213334947
6.52989168777101
-4.66387621257265
4.19914939970273
-1.87028068626441
2.37435887217317
8.6121085342994
26.9216801303914
-3.60521854541993
7.71679335379652
12.0937052410829
7.5559528014037
-15.7558296865896
12.1269421035198
1.45335854643416
16.2576509253611
7.42962066259003
75.2889904258179
-5.94054168887955
-0.328860836249739
9.09013188454669
-4.62794753485948
-17.8598062972499
3.79099673250238
1.95005973742888
1.34881106196939
-3.78296448359334
6.6985321857441
10.772558617452
10.9036084859529
-0.814140688604192
5.97518829589997
-2.34279205194961
1.88846014376581
2.10192808108865
5.06070044519874
4.31122758215187
4.01587976597508
-16.4352145170208
2.74734170721103
-7.43718041578719
-5.81880655816261
-9.21590255922469
-2.28144901883974
0.335426165080081
6.963225967889
-10.5259729921114
-12.9397054860202
5.2858817522218
13.7770485437218
19.6531432154384
9.08368905275122
9.8719791908676
-6.04135048230506
0.518687130168196
8.61583862439692
-9.93946897057205
-6.08769374593262
-1.68618676453303
-18.9912978277898
-4.6607553328736
-9.97298819575346
5.28746641898681
-6.63709897918185
4.26758025851391
3.97429343111412
12.2659877370502
-3.01999167008655
5.40060732123794
5.77210022839971
-4.14427417219549
16.2343967177104
-7.76538305028065
-20.2468867887275
-0.778585898934037
12.0574910790406
-15.3354823477703
15.0230828526524
0.102948267675296
-4.29129577667355
-6.46508931980337
-5.94054168887955
54.6960767206326
5.81895428047485
2.73180567176115
-0.870738009348835
5.60306070574497
-6.27438740249712
-7.65640075263588
-1.2027517512442
4.39519654789127
4.10270750216362
-4.1201551885418
1.25753615086401
-4.93298419825045
8.54426221469053
2.44084369747026
-13.9774387785169
7.31573366644028
2.04509519016002
1.83472471004381
2.17809979868378
-15.2297157248727
-4.27645466216563
-2.21011545151688
3.60237065056151
-5.87379135348945
-1.44930089178393
-6.38689260037097
6.6705669760545
2.19940132289356
-3.28882119122648
-16.9861540454496
-15.1186993964156
-13.9370919895922
-6.75091108671507
8.04521686310475
7.59147875355487
-3.28928629185911
-9.30906098310931
-3.65643278363649
3.67765716418548
4.36117440067433
5.34243575765585
4.49925248345322
3.20074954779537
-7.09616424908031
-7.15041637239122
2.61023071199916
-11.8588061072546
5.40557826758068
-3.67699229070271
9.28512729219046
-1.01161062247683
1.72666940862855
-9.53082099094945
1.41299492770983
-0.893349924284401
-0.672055109296807
-1.64714004317025
-1.99819776965354
-9.00053481650155
12.6478366991527
-2.00225014119777
2.38211928596234
-0.328860836249739
5.81895428047485
47.6536445339266
-13.4955985203757
0.447690352387244
7.87041227027778
11.4489317636522
8.23585610198207
-7.50921892670928
-11.8301586518211
8.77389400473911
4.19028560315534
13.5770571052154
2.04960174314915
4.54216245089387
-11.1221194165374
0.539748126694643
4.44847107853258
-13.5783474724956
-0.823977055892802
6.47253569906255
0.20950879395638
-5.76559830086383
-0.57546440512644
-6.48039068200219
8.2223437874014
3.21892942932331
5.4466613351645
13.5298907288366
7.86959687015831
-3.38498674621133
2.2210255784082
-14.2505542865912
6.14143229278647
-1.7092823884009
2.72852137203083
-7.45133174483344
-1.81932459942197
3.58324798524065
-2.31333576575444
0.724950516527729
-3.56964689949954
3.84165837959694
-11.1407768326401
1.53430035249197
3.184486230767
13.5902558926971
5.30933375481024
11.3875604040294
-3.05520825508201
-5.4157103316335
-3.94441009557284
-1.04365774252675
16.6100408874808
17.8627305875081
-1.83746182823309
-11.7272918229964
-2.57291748491996
28.4596072926082
7.30464388811654
-11.6829519507916
-6.67015848531884
8.30019711342424
6.76833959202721
9.09013188454669
2.73180567176115
-13.4955985203757
67.1773497730461
-1.94327238043854
-3.18600421794352
-3.73043894483733
1.28193657324506
-7.02364457351344
11.0167694205342
-1.24587598029769
-10.4647726469044
1.3204792563495
6.97353958446165
-2.8472496697722
1.70721567414782
1.81114760756685
-7.59988483891895
4.98214109770838
-1.60853561415747
2.65510220590665
7.684354773963
11.9708925284469
-4.05266067061048
-0.499786664896439
-15.6235091228718
-4.79769500651707
4.63906881096125
4.55091208472698
-12.6386781279596
10.4916000272725
5.30272535441932
-4.31638974801951
-25.0676919959939
9.56032307897244
-8.99176698510957
10.7915490110195
0.5245862696824
-12.5822560342749
6.99651284686703
9.61819954491852
7.79057743811576
-1.00565506627157
6.26187729906897
-9.65815298558142
-3.8066826393466
-3.10538984503064
3.37221744208283
-4.91969046895751
2.94618088789762
6.83039083600543
-5.67804448391472
-1.93383679290773
0.572660505371998
5.27233132741692
-15.4477176526325
1.64364461676095
2.54214479108605
0.789616135792417
-13.0909274584001
-19.1998233048562
7.78364642471923
-3.5221265479847
-7.22301123699166
-4.62794753485948
-0.870738009348835
0.447690352387244
-1.94327238043854
65.0654254998959
-15.2900905507516
-22.9685818319188
-7.33699204329972
1.37723874491226
-6.96503980542342
-0.232931956350295
-1.06705341621269
-5.3921032486238
-5.45327015885327
15.905264676673
-11.2886858961913
-1.30282776443843
1.34744503565083
-8.50842933602448
-0.279036666768629
6.00764789440558
7.23962722001055
-1.81298615727522
-0.479118390844305
0.339048033667491
-2.27339738797887
-0.541554044745674
-8.10630933346816
-7.22134414999352
7.82045763931986
-2.77934448390011
4.07380240339945
4.46069514961105
5.6733962750126
-9.82879954962364
2.17698321826154
-2.64603934854522
14.056674918694
-10.0596845456782
-10.3547259315926
6.34694056870453
-3.60518039234288
-4.85479395608201
-8.13072287175665
-0.690089924650738
-1.2022536956212
0.827929017104261
8.95578734186931
6.96578431865449
-0.227938928641404
-1.48009862275457
6.86378979480895
-4.52955879817672
-4.06157376471857
-2.60359122156293
3.79617671615133
-7.79550397824622
-5.91460090267956
-2.14554952530921
-3.84808002169059
-1.79012266770498
-0.439915717060656
-7.39890164057959
-5.05397321585331
-17.8598062972499
5.60306070574497
7.87041227027778
-3.18600421794352
-15.2900905507516
72.7020727617832
-0.263782001598578
-20.4856387980141
-9.24141731903812
-9.58511771524039
-0.709583566074351
6.77655608315972
4.73920896928526
9.00610130558474
-4.29227337733977
5.57356969175955
2.71883700757179
1.00325299364016
-8.52365271190968
12.9259836846392
-4.80860534011613
-2.17903246189996
-5.60718750587602
3.71500240248383
-6.199386970936
10.0195782979201
8.15326997481908
19.7279901884158
11.8285815312218
-1.84940072993687
-2.91931146107011
-0.146263132936497
-4.94921587353799
-0.919906537537864
3.21762778807315
0.599480239537747
10.5513405201099
-6.11131254597721
7.23292430106502
13.2171364626578
6.75195137920589
6.18746801016348
-7.81275540488216
8.89679946217723
18.7496061473647
-17.5071145899113
-8.37423999102139
3.97505296396137
-4.57949461648043
10.9816198756077
1.61341044808412
18.1371403062429
6.67337860195829
-1.20634824144547
2.18852200774894
20.1745998314242
-15.7132009876368
7.16738597272296
-1.56311972053101
23.9425297189167
-3.0442099660194
-0.513751200319898
5.72763741072381
6.9581615855309
3.79099673250238
-6.27438740249712
11.4489317636522
-3.73043894483733
-22.9685818319188
-0.263782001598578
68.8203367694081
14.4838501906159
15.7972101361712
1.14226923267877
-1.16423729941937
8.71441364459108
5.32059780571301
-2.38220330927535
0.300824768490652
-5.93014242771671
16.0950217558766
2.61631246584502
6.94110604260778
-5.3784243866207
-3.33303609482004
11.0102723578105
9.69053614174518
4.22117944613308
-5.82944198435769
24.7564869338488
-9.18104940879903
-6.44982928958832
-1.7955891121522
4.01899719133667
2.72354903976174
4.11419621260835
-4.64478082650741
7.11867509136208
1.01610770649021
2.94495152728105
-6.78351889157353
-15.3746731973133
3.37403181368058
7.06707379147664
-1.84359270313257
-6.63215817420286
1.87465126447328
-1.42529867342388
-2.96151596298273
6.8953797642444
-2.49246635296739
6.02301850432477
-7.64802001221083
-9.11291496717062
-8.47217002320902
13.1141492515538
4.28093659851958
13.3725253340892
-6.86449432183611
1.81631535215516
-5.3362455250455
5.9026516380488
15.3115501155598
9.82099064389296
-6.6560435992703
-4.0313655409486
0.783791291670529
10.9932705670112
1.95005973742888
-7.65640075263588
8.23585610198207
1.28193657324506
-7.33699204329972
-20.4856387980141
14.4838501906159
60.7977341926677
5.69209525064588
-1.20202937270595
-11.9096840363164
-5.19270533897342
-16.8249123889525
-8.23207648183386
-3.98332503247549
11.9579712072708
7.60599869392585
7.77956568063859
0.358069703360003
-3.63830099691425
1.71746803683559
18.9740466611565
-0.288642173801261
7.28418687863127
5.06850216009413
-5.60547600996734
0.0797563810798918
5.06212116891759
5.74895663762659
1.03626666533016
12.2250963011845
-2.81599020702941
-3.50735993706612
1.09649886053601
-2.03292861542696
-6.57665511025928
-11.8212133929817
-14.6434384659002
-0.409407316786782
8.98572176793918
-7.61953569301637
-1.37816242718242
4.50100563467586
-0.418091608124056
-4.14960925793594
4.7321543092336
-5.46920677585534
-1.13754440825271
-1.09061400495869
-0.820604864288719
-0.194156187854103
7.63380538136362
4.55644032936726
-0.0229958772612791
-4.67470206711565
11.2236981019632
4.74377099741364
-0.500830925367578
-7.77248734187076
4.54206479343239
0.810897707626939
7.22894208042864
9.92902767276237
-5.27937637842294
1.34881106196939
-1.2027517512442
-7.50921892670928
-7.02364457351344
1.37723874491226
-9.24141731903812
15.7972101361712
5.69209525064588
65.8024947227819
-4.40505924260867
-11.2134605275645
3.88941741796313
-3.36602374001216
4.84486282128598
4.81047100145018
13.2803520704498
17.27427415853
-1.66182178340215
4.71994350497884
7.47574628678195
3.3684315622811
9.85166918606724
1.90774962985507
-12.7630393926943
3.04483291044991
12.0507443882862
-7.4996625003637
-5.65583943862545
-22.2227356718951
11.4867448527841
-7.96646135024935
4.42460289536357
-0.699227109493012
0.281889508423375
-6.95482654135698
-2.93925205876161
-0.578404639775068
3.45301361022976
-4.53917241098677
-1.82728632381199
5.10066800085508
-1.05693643496907
-8.06914506432539
12.8710205085572
-1.34381593159112
-6.6103949506621
2.8304823063468
-3.37600013728341
10.5856190292445
3.83959675461937
2.02686585838564
-20.552948441682
0.857440485951747
7.05050881153331
4.48698214386654
-14.8652621734206
4.66052798024939
-11.8268302770149
-0.103697160675066
-4.22039322184779
3.81776166226957
-2.3454045563059
-7.20578793953723
-4.25530960700615
-3.78296448359334
4.39519654789127
-11.8301586518211
11.0167694205342
-6.96503980542342
-9.58511771524039
1.14226923267877
-1.20202937270595
-4.40505924260867
65.4341761117499
9.3167665971196
-4.45810342222899
0.356279046967116
-8.53858353333758
-0.969306565927115
13.0658687571827
-8.19963747740038
-4.28464080782642
5.87131533146148
6.85626395637847
14.1566167750922
2.1547337977671
5.37791221188977
4.10252799977479
-5.29819905419987
4.80017675230327
9.39962219831573
7.92296127965029
-1.34417800906591
-12.1466806387804
-2.04224191845189
-7.85103412535216
1.55698901224359
-11.020309903991
-0.910111823777227
-6.42932655969076
6.20805866426142
5.34557144059158
-8.18509416556759
4.01647035709755
-4.12075004012427
-5.33934759680695
-2.29082911702492
8.39194462582445
-4.63155107424892
7.39893408265665
-6.51463880179661
-6.82052293941023
6.65736862214457
-4.88246422876236
3.25340966190881
4.682542553886
8.07822347888287
-8.76438573336352
-3.51936466820359
-1.6059402238187
-0.745688668681699
0.244269776561259
-3.49354707831737
-5.17315628683663
13.9581535735314
4.91132001272554
10.8268564389723
-4.78849158150388
6.6985321857441
4.10270750216362
8.77389400473911
-1.24587598029769
-0.232931956350295
-0.709583566074351
-1.16423729941937
-11.9096840363164
-11.2134605275645
9.3167665971196
64.4395366202555
-9.54239486053786
0.759541845427909
-3.52297474423245
-10.2756561573211
-3.31970453321355
-5.59804059146879
3.8421621228674
-8.06207022255558
0.742872291065733
3.36006061283028
-1.25868608043974
-9.51354559254371
-2.94172490197626
-8.34651574122064
0.47647799932376
5.13313613604907
-8.53977125353484
-0.0717216454732883
-1.33159044304001
-5.02215015661744
-1.15426391575799
-4.84585226164488
1.26970404003648
4.79253812601434
-1.68800319029743
18.8692165886562
-2.96717651520822
-8.04033918879322
-6.04168280388557
-9.59546575804394
5.44393152784159
2.69090869649744
-16.4928354985298
13.8404802802978
-14.6147272057804
-4.8652346103236
9.33994644083219
13.6697482587633
-3.98729462716995
-9.16721478011601
14.1447923286493
-14.8610407550483
-7.11594569002961
8.8139129800648
7.09164054744216
-7.83266390971112
-4.8056084846454
-0.478185908469192
1.2521203620494
0.375498579778429
5.90873819624276
7.75956494313783
-0.733074621928557
10.772558617452
-4.1201551885418
4.19028560315534
-10.4647726469044
-1.06705341621269
6.77655608315972
8.71441364459108
-5.19270533897342
3.88941741796313
-4.45810342222899
-9.54239486053786
65.4937967907253
13.7022038327188
-0.681071724870428
-8.01418405094466
-4.56679067087681
-4.42969126400818
1.33437631973451
0.090429036374174
7.75104309238391
-7.80083383464562
-10.3652854533129
4.52643463820695
6.49352207501467
6.4078781489481
-4.05648814018417
-2.9614521801335
-5.63185571657866
-8.77665972124092
5.41610132503235
-0.535039582199637
5.82932720961049
11.2780232814236
0.0519039660406024
0.762006291792481
4.50359000373022
-0.741581399623755
3.57226568220411
14.7878680286202
-5.25241981004707
1.8479495274647
2.43556007668233
-9.39325108551488
0.860648053308299
-8.11771221938829
-18.844536474255
-30.4819678447863
-7.16390213765193
-9.42598270010408
5.26881946955899
8.63278119228007
-2.19483353422228
-6.88966473658897
-7.64510196089183
14.6306203865596
2.92898110626135
16.4200488259787
6.06883465603215
-0.508197656334971
0.946496678869036
-0.482656327368761
5.20513285305805
7.59860403724771
-2.31812412950706
10.9036084859529
1.25753615086401
13.5770571052154
1.3204792563495
-5.3921032486238
4.73920896928526
5.32059780571301
-16.8249123889525
-3.36602374001216
0.356279046967116
0.759541845427909
13.7022038327188
66.9881555000485
10.3142675972956
1.12824594309342
-11.5635221630735
5.64246964428875
-8.2007552583609
-10.6441093444156
3.96083056751426
-3.76192989882734
0.00366687725491432
-6.97212495273661
-2.9688610749072
-8.8918446605458
10.0284192848563
-15.7058830517563
-8.31322588656673
6.40250046215492
-0.57560588558058
-2.82574574629053
-2.30027120871366
5.22211197199407
-9.00314485166672
5.99774686044744
0.512952003526494
-9.94943610850622
14.2351751540553
4.39064956272543
-8.08065705502888
-4.98618018710865
-1.66964863180264
-8.47617826831809
-1.66485354703322
2.8161865072699
-15.5983516236652
-8.05067221952119
-2.82729545607702
-13.5225543934822
-2.54079343094125
-4.17180752179985
2.51346842101798
-3.04596717878379
3.14087473571674
-6.09922791346261
6.1829511163728
14.812608688428
-9.01794482884361
-3.9860887445509
12.6403356428431
-11.5041888736491
-9.87628368615864
10.11562134304
-5.77260948003268
-0.814140688604192
-4.93298419825045
2.04960174314915
6.97353958446165
-5.45327015885327
9.00610130558474
-2.38220330927535
-8.23207648183386
4.84486282128598
-8.53858353333758
-3.52297474423245
-0.681071724870428
10.3142675972956
66.1115215392833
-3.17801986580684
-13.6027382284608
-3.92404957226888
-2.4081150159843
-4.52522703893141
5.59521143507829
-4.13294743454236
4.09513998851057
7.12041288181519
-10.8633858416237
3.48246641687449
-12.6188978238633
-0.631971143809253
0.00837365409372928
0.244160821517854
5.49491424231726
6.29907162824689
7.98060909497185
8.80458913578103
-3.01445224883575
7.11486859812374
-8.73016683594712
-1.99302324957587
1.73638579680732
5.85479233888725
0.243721859429877
1.49735849289037
-7.66014713232767
6.50588698146299
4.62573686895084
-8.54335995156333
9.0339835280419
-17.2264143540319
-8.79500755418111
-7.39992783183623
17.3394554054598
12.8590742624407
-2.48116024787372
3.65371069362945
-14.5392346458937
11.7695357480716
2.34984783533052
-12.734956749946
-8.92406817029726
-16.2929875889042
-9.47536089181101
-3.82481354372136
2.87956716486652
-7.20850592954289
-4.29299363036575
5.97518829589997
8.54426221469053
4.54216245089387
-2.8472496697722
15.905264676673
-4.29227337733977
0.300824768490652
-3.98332503247549
4.81047100145018
-0.969306565927115
-10.2756561573211
-8.01418405094466
1.12824594309342
-3.17801986580684
67.5716597517741
-7.08147245603027
14.1429479553278
8.58215391357871
-6.04116232588137
-0.133706058010612
8.70981666766401
-1.6367416203085
2.6423798555473
-10.7257806189143
1.52914465564531
9.156874781953
-3.87597134599359
-8.6049561873615
1.45736956348497
9.83229885083095
-6.65593335552588
-2.62237344865075
-12.2247173714888
6.0304813915523
-1.68702375797773
19.7660375355592
-16.5578174277728
5.30128501164172
-11.1722682587554
-5.07130013903823
-2.09006866251958
-9.18520266971793
-1.83420349372629
-8.39416260815818
-3.4759071901979
22.5635004081685
10.048074936015
0.761431767142967
-3.48893657350956
-7.81651421822229
8.66688081373151
2.80629145644296
0.986019662159649
9.74715286456321
1.25004870112462
-10.7346686178663
-2.47018207579903
-4.38502755808356
7.76227972626453
-4.56752183456854
7.21494317208505
-9.5334467860078
-13.714050299754
2.87365999544144
-2.34279205194961
2.44084369747026
-11.1221194165374
1.70721567414782
-11.2886858961913
5.57356969175955
-5.93014242771671
11.9579712072708
13.2803520704498
13.0658687571827
-3.31970453321355
-4.56679067087681
-11.5635221630735
-13.6027382284608
-7.08147245603027
54.8989619767711
-1.20881580440981
-7.63659828502243
-1.84676399418064
11.3052459014983
1.27349336702424
0.787765448537676
-8.78093132165045
2.78385898294279
-3.1069219375534
-11.772957655698
6.4857544289522
5.70939184805042
-8.87218449277281
-10.657085597295
1.19782159510634
1.71681729345529
9.93262203744356
-2.80919884049431
9.82282726057701
3.9613094479048
7.28121361611341
-5.91279795565014
-9.39091508338902
6.41921027818018
2.27228277637924
5.84863993011326
0.32243545980702
2.71232898623758
19.3661906771922
-2.21516665208557
-9.14283703884018
-1.41041082501137
4.4577746361086
-0.834269675664245
-7.64309992993895
-0.957434347949736
8.47960983824566
3.8590229354684
1.24395065091998
-3.93591588562362
0.086913454220892
-7.16443348347009
6.14682515474096
9.65692455140115
5.37028254187336
15.9216183152499
1.32569630614114
3.37847964231483
1.88846014376581
-13.9774387785169
0.539748126694643
1.81114760756685
-1.30282776443843
2.71883700757179
16.0950217558766
7.60599869392585
17.27427415853
-8.19963747740038
-5.59804059146879
-4.42969126400818
5.64246964428875
-3.92404957226888
14.1429479553278
-1.20881580440981
70.0246866794076
11.6393828472469
-5.09355475745547
2.13288491786146
-9.9340754895824
7.38552981667511
-7.05092941622953
0.909125155240001
2.74168735273167
12.5979497168909
-11.2168643919175
0.35372605019877
6.16653570520636
16.2504191127878
-6.81906789446515
-6.88916232603339
4.21241705206239
-0.00765260511219079
-1.13164091398403
8.21235146973818
-12.8499824669753
1.67846612827701
0.401501368026956
-7.31439691163801
1.98713747801047
-12.2568953832897
-2.06461943806575
5.25776316356246
3.50633250707858
-5.32363892987374
-3.9355126875935
10.8533262900428
-18.256508552508
4.51613927012409
-1.90535820841337
-2.22689221488925
5.45573186444802
-7.75628990234624
6.58172639979481
-15.4372985606885
-10.5950655586265
9.17209666653263
-6.15258695300962
9.20075233939827
6.18558775950659
8.25921798058594
7.53445365055533
-5.50739831018445
2.10192808108865
7.31573366644028
4.44847107853258
-7.59988483891895
1.34744503565083
1.00325299364016
2.61631246584502
7.77956568063859
-1.66182178340215
-4.28464080782642
3.8421621228674
1.33437631973451
-8.2007552583609
-2.4081150159843
8.58215391357871
-7.63659828502243
11.6393828472469
63.2941813879053
-2.44956091320416
0.438278689900573
-19.7476280127864
-5.25992287464499
-11.3391835248114
-5.09201454021606
-4.30021556006954
3.53758646120548
6.13788824728651
-1.47904209040456
-6.34901890991199
-6.85012292246213
2.50029902677777
-10.9481372821488
2.1102391967686
5.72537014394825
-3.33241097367999
2.82504231435568
8.55247505305329
-2.24697319481434
13.8224166148617
-5.47492802417781
-1.61397825003811
-6.54890170405894
-13.2461615049939
-5.92863096479844
3.35196293495976
1.01057500364911
-1.50542427042819
4.15289601290937
14.3268397437506
-0.983414266030047
6.53108065671088
-7.12349183174653
-0.538766701714604
-6.19928125715412
13.8714259015121
-0.214544170183169
-6.43110437530749
1.13057146101827
-4.03947897869438
-12.3361299966988
11.1847141756578
3.90539083538
-3.4971336601527
15.0771519746958
5.06070044519874
2.04509519016002
-13.5783474724956
4.98214109770838
-8.50842933602448
-8.52365271190968
6.94110604260778
0.358069703360003
4.71994350497884
5.87131533146148
-8.06207022255558
0.090429036374174
-10.6441093444156
-4.52522703893141
-6.04116232588137
-1.84676399418064
-5.09355475745547
-2.44956091320416
53.4222357927159
-0.112288603694291
1.6760923077562
-2.02033578284305
8.16973428383284
-6.39873778420361
3.2614687456023
-5.84149603111404
-3.49154908314967
13.6671445297964
-3.28271369673044
-1.14203163800001
4.440228005833
3.05835101930674
-2.1047483912785
-15.6995172363908
-2.63528368050993
4.67054163846443
11.7921206652284
-5.43883429937429
2.26883209478499
0.161967821856622
-17.47532169522
-3.09929857777787
-1.17722429419557
1.67410381572777
-13.5565207595465
4.0213069910138
1.33693871473069
-7.47849235358992
14.8249870294544
-4.6139257900615
-8.21788415081727
-10.6350658636101
0.942575404218703
18.1701378229445
2.36537252717748
-10.6308813649691
4.77753914399573
-16.8207431419998
-9.36191083191385
-10.1124161221617
13.7831077629322
-4.03303387555257
-10.8832811354654
3.10594879751068
4.31122758215187
1.83472471004381
-0.823977055892802
-1.60853561415747
-0.279036666768629
12.9259836846392
-5.3784243866207
-3.63830099691425
7.47574628678195
6.85626395637847
0.742872291065733
7.75104309238391
3.96083056751426
5.59521143507829
-0.133706058010612
11.3052459014983
2.13288491786146
0.438278689900573
-0.112288603694291
51.4341857031777
-8.23835200583965
-6.0071703252185
-2.4569277001556
0.796802422858632
-9.11935180165283
2.29378537245441
6.66219407133465
11.5385421112144
-8.89445021783706
3.31714168884172
-8.71054147349308
-7.6161531739704
2.50000190902749
0.984174651763039
13.9318114267044
-0.423770757436769
6.8116594884464
-1.40598596710165
-6.57661652323156
-0.353369984360915
0.00529539678156959
-1.01589199312424
-0.287830025581576
1.34998735314723
-5.02134859260376
0.380509760432951
-4.58222713456909
8.42014287801402
-3.69513159097274
13.1184869009362
1.14864763426428
7.94745568972668
-0.796119848203604
-5.30261093253832
-8.24444865665339
2.89686307263899
15.3548413759802
5.25647899092801
3.75922040977582
-17.5175525295082
-8.86720029249488
0.453955634880962
-9.06706420471229
4.49541349384224
4.01587976597508
2.17809979868378
6.47253569906255
2.65510220590665
6.00764789440558
-4.80860534011613
-3.33303609482004
1.71746803683559
3.3684315622811
14.1566167750922
3.36006061283028
-7.80083383464562
-3.76192989882734
-4.13294743454236
8.70981666766401
1.27349336702424
-9.9340754895824
-19.7476280127864
1.6760923077562
-8.23835200583965
70.6362943423312
-1.13976699257321
24.7763104046214
-3.91215108736868
10.1781280234068
2.23744517736302
6.87576352730753
6.64359088994824
11.7978227707399
-8.29685757700605
0.206494433731574
3.30804546447107
-15.6892309521308
-0.0738094174292035
-4.96639670705547
0.592005526705805
-6.1968719827519
-0.410487929665596
-3.98014721091551
-1.59039412355043
1.282141586214
7.48469004407959
11.4508177424542
-3.15881760326104
-18.477310195328
0.233154923959873
-9.10528109179434
-2.57596031008814
-3.85263706092986
-7.75705289979776
16.0077827081673
13.442547985821
0.708405155058643
4.04318391799487
-5.20104927473466
5.41315978200025
4.06844834324221
5.28706187298851
1.62483344615569
17.4961331674153
-11.5648753728523
-0.68643082307163
-3.45185232796241
7.46612347518476
-16.4352145170208
-15.2297157248727
0.20950879395638
7.684354773963
7.23962722001055
-2.17903246189996
11.0102723578105
18.9740466611565
9.85166918606724
2.1547337977671
-1.25868608043974
-10.3652854533129
0.00366687725491432
4.09513998851057
-1.6367416203085
0.787765448537676
7.38552981667511
-5.25992287464499
-2.02033578284305
-6.0071703252185
-1.13976699257321
54.1883381526461
-9.71051132593641
-3.18787078135863
0.684130830299833
6.39703726573019
-4.2614824999133
7.17647804771421
-13.6146721141647
14.8398657773318
5.72487515321441
-4.01203197699528
-5.55235734211446
0.618547796555181
-7.97738131071909
-8.16520382372876
-2.18309456830488
-1.45016123096681
-1.29482982156121
17.1185724120007
5.43179901029127
-1.12119808080484
0.0263220341076438
-6.86669337346376
-4.28300812944245
-7.93539329289015
3.76245651981162
8.12932474224418
5.97662379017944
6.68230775697221
-8.3007983282448
6.8679799696476
-3.41823915015485
-7.97943143737953
5.97440288728601
8.83164640687939
-11.9113140523106
-14.0883356082077
3.3337123290326
-5.12451466292132
-8.55568365969133
-6.32505451407918
-6.02696262148955
-8.47645029935816
2.74734170721103
-4.27645466216563
-5.76559830086383
11.9708925284469
-1.81298615727522
-5.60718750587602
9.69053614174518
-0.288642173801261
1.90774962985507
5.37791221188977
-9.51354559254371
4.52643463820695
-6.97212495273661
7.12041288181519
2.6423798555473
-8.78093132165045
-7.05092941622953
-11.3391835248114
8.16973428383284
-2.4569277001556
24.7763104046214
-9.71051132593641
89.8189819853323
-0.366603571802432
-1.69309974510533
-2.8182008744952
16.7669555661723
5.12773960279706
10.4143676967052
-2.85827320721429
-11.1753675207458
25.9582809029083
3.63879997618364
-9.66121668825189
-2.77809054928013
7.61770550977421
-4.35192119286761
-4.58207965272208
0.728166012084892
-4.92941847363189
-2.35606754128139
3.2538313709952
6.64189245430079
-6.75605498503133
-18.8363574306507
-0.740467753297942
-0.907298478537793
17.8541363944311
6.32474063885826
7.87993232496708
1.49972484391922
-4.08773981127556
-6.72837679780597
3.2319382342111
1.99637830508924
4.49044288154567
-8.31115064556301
-1.86412925829058
15.851148519009
-1.36124029173248
-5.85186163854664
-1.10622470126088
-8.92898348227836
2.52086003671212
-7.43718041578719
-2.21011545151688
-0.57546440512644
-4.05266067061048
-0.479118390844305
3.71500240248383
4.22117944613308
7.28418687863127
-12.7630393926943
4.10252799977479
-2.94172490197626
6.49352207501467
-2.9688610749072
-10.8633858416237
-10.7257806189143
2.78385898294279
0.909125155240001
-5.09201454021606
-6.39873778420361
0.796802422858632
-3.91215108736868
-3.18787078135863
-0.366603571802432
51.2380035844322
-6.94275422614005
6.53995491246252
3.06453631309102
-4.54842272214134
1.53679962157949
-4.13715715368303
-6.12947452644207
-3.5639989741626
4.06521556129408
-3.09118969224516
-7.90147551461975
-2.83216441145335
-12.007142728747
-5.72491701974008
-0.471075475239387
0.417637965948515
7.64147527477233
9.21749358245583
11.0548725702849
-10.2069971826725
10.5533741638307
7.64661512245015
3.23857968619186
-5.13092524966613
-5.78806118743986
-5.85546309935173
-6.84317273840972
8.29090622460233
10.5977268201039
1.07030669610445
-0.45149257564004
10.9000464494374
1.20269107981852
7.68949549192744
-4.67171121870514
7.07839079594284
-11.3555016549171
-5.26768179124418
-7.33322949593155
9.14536991246691
-5.81880655816261
3.60237065056151
-6.48039068200219
-0.499786664896439
0.339048033667491
-6.199386970936
-5.82944198435769
5.06850216009413
3.04483291044991
-5.29819905419987
-8.34651574122064
6.4078781489481
-8.8918446605458
3.48246641687449
1.52914465564531
-3.1069219375534
2.74168735273167
-4.30021556006954
3.2614687456023
-9.11935180165283
10.1781280234068
0.684130830299833
-1.69309974510533
-6.94275422614005
56.3537182922332
-9.90134204742547
3.53365472627723
-6.65206216039161
4.91014272888957
3.03369711705995
5.42108747903186
-10.0309863732579
-1.44256776080373
-5.56387275323527
-11.0917258964648
-3.56115270659822
-17.96047999225
-0.3418416615804
7.62246025225045
17.8300871198575
-0.260845781400453
0.880905253138879
7.26392174574461
9.62863712096939
-12.1641496568703
-23.6642328658636
-8.56661205729315
-3.70541502728599
-0.88911761659439
8.64091208926695
13.5008172334548
-7.09682711425558
6.36957059162987
-4.32826885101928
0.229815557094229
14.8611782012359
-0.512589920749251
3.13453109133927
-10.5896341975294
1.80667270435852
2.88148743095434
0.537800146458808
-2.54318928360158
-8.2486398706274
-9.21590255922469
-5.87379135348945
8.2223437874014
-15.6235091228718
-2.27339738797887
10.0195782979201
24.7564869338488
-5.60547600996734
12.0507443882862
4.80017675230327
0.47647799932376
-4.05648814018417
10.0284192848563
-12.6188978238633
9.156874781953
-11.772957655698
12.5979497168909
3.53758646120548
-5.84149603111404
2.29378537245441
2.23744517736302
6.39703726573019
-2.8182008744952
6.53995491246252
-9.90134204742547
63.6193299647005
-4.47569387266965
-6.24885538478697
1.45133940800718
2.51546155197605
3.50682759182852
-13.4494526228316
-9.9352576526091
-0.324637812522267
-5.24850178765158
-12.0299875585522
-2.27967173682143
-3.34447791530529
2.60783208007536
-5.91512951093133
1.92263901417714
-8.81728449854849
-5.15965225920565
-6.97765202417495
13.1446195911066
7.29903384111993
13.1633123301938
8.30293657442298
-0.915331120501277
-7.05577605325706
3.20447501008524
-8.38384450471765
4.48136066669386
11.0619456887461
-7.17516947421084
-0.866488525571603
-3.69073553067873
-2.74324996770041
-9.35950217299983
-5.55301177493814
4.41626455927507
-1.42543528798404
-10.5073200640623
-2.56765087108446
-2.28144901883974
-1.44930089178393
3.21892942932331
-4.79769500651707
-0.541554044745674
8.15326997481908
-9.18104940879903
0.0797563810798918
-7.4996625003637
9.39962219831573
5.13313613604907
-2.9614521801335
-15.7058830517563
-0.631971143809253
-3.87597134599359
6.4857544289522
-11.2168643919175
6.13788824728651
-3.49154908314967
6.66219407133465
6.87576352730753
-4.2614824999133
16.7669555661723
3.06453631309102
3.53365472627723
-4.47569387266965
51.5089532118396
14.8483325943287
3.23653798816147
-12.1073953509022
7.92726847818164
-3.09914898495329
2.56541711183585
-0.671065626655599
0.47901768115134
7.83825837536756
5.91910640594308
0.961578141377852
6.81244606021102
-2.41663497354629
9.87684200770254
-2.61554440931066
-1.5833295282755
-4.16313474773346
12.9967539680306
-3.72518471858162
11.1811762971068
6.12104870152322
17.0320590695723
-13.2701656030114
12.1924257763946
-2.47737847271022
-7.27496966579783
15.8772391275353
-3.14415655795804
-16.8973533706065
6.73692102228216
-1.45542373107497
-0.392413472591933
-7.00042593270574
7.33715356140706
-7.66538411692531
-5.99290061949373
8.8155267702072
0.335426165080081
-6.38689260037097
5.4466613351645
4.63906881096125
-8.10630933346816
19.7279901884158
-6.44982928958832
5.06212116891759
-5.65583943862545
7.92296127965029
-8.53977125353484
-5.63185571657866
-8.31322588656673
0.00837365409372928
-8.6049561873615
5.70939184805042
0.35372605019877
-1.47904209040456
13.6671445297964
11.5385421112144
6.64359088994824
7.17647804771421
5.12773960279706
-4.54842272214134
-6.65206216039161
-6.24885538478697
14.8483325943287
69.309886266199
3.135727222167
-1.67486264808383
-3.78270652209699
4.06747502722085
2.47135024453728
7.34927730546189
-13.3531275715052
3.82173221760083
12.5768356044294
0.852151441157399
9.11757652872746
3.82379344201103
9.50480962692887
-19.7823506558188
-0.00840335849606166
0.723005478108218
-7.81576760552476
-6.21826565867656
-8.66942193423105
-5.47928172475734
-2.19035932036442
8.35012718826488
-13.9334620002555
-5.64425086330221
13.5808830481997
-8.62925936569552
2.88522795264606
-4.16654561314326
-5.37778146383822
-2.02744510091254
16.8766721463878
-9.76550728134154
-1.0876531196721
-1.43068700750751
-16.8540121743132
-1.18124258321829
6.963225967889
6.6705669760545
13.5298907288366
4.55091208472698
-7.22134414999352
11.8285815312218
-1.7955891121522
5.74895663762659
-22.2227356718951
-1.34417800906591
-0.0717216454732883
-8.77665972124092
6.40250046215492
0.244160821517854
1.45736956348497
-8.87218449277281
6.16653570520636
-6.34901890991199
-3.28271369673044
-8.89445021783706
11.7978227707399
-13.6146721141647
10.4143676967052
1.53679962157949
4.91014272888957
1.45133940800718
3.23653798816147
3.135727222167
55.1990985225649
-4.93628219033285
3.29555698297516
1.56337099792758
0.735223676854432
-12.8445880830519
7.94155623818125
-0.316149784717289
-6.31307671307539
-3.58804803351028
1.65088570703862
3.83254697180887
-4.61302947582979
4.10577058092463
-3.78416019221281
1.3186424711553
-0.216521901283703
7.20268124797816
-5.91369774443287
-14.372522837572
6.35868279426381
-9.11830576475
-7.255011312974
9.95815597005562
-9.9912518840227
7.45659941104473
-4.44192256115819
4.14956287800494
-5.64527858852455
-17.3479681348262
-9.53917004950187
8.42669611619373
-2.2340612706611
6.78057562074385
-3.60888389625587
-2.23011926654026
-10.5259729921114
2.19940132289356
7.86959687015831
-12.6386781279596
7.82045763931986
-1.84940072993687
4.01899719133667
1.03626666533016
11.4867448527841
-12.1466806387804
-1.33159044304001
5.41610132503235
-0.57560588558058
5.49491424231726
9.83229885083095
-10.657085597295
16.2504191127878
-6.85012292246213
-1.14203163800001
3.31714168884172
-8.29685757700605
14.8398657773318
-2.85827320721429
-4.13715715368303
3.03369711705995
2.51546155197605
-12.1073953509022
-1.67486264808383
-4.93628219033285
67.8955258725165
-11.414925082031
-7.76422101598587
-12.2183810157466
5.37000404797139
-18.135165199988
-4.60500349146343
-11.7535398725566
0.00141145666681375
0.355660011329867
4.33123488767648
0.0390454102668798
-9.97215926418792
-0.819808643821772
0.0888685316030885
-3.91382539837633
-14.3872564482654
17.7845682427329
8.9601448659493
-15.0653859307424
2.0402273745767
4.43161233645609
0.0210407785662079
2.58935910218416
-0.731004772375995
14.3755196055849
-4.06162918727959
-8.36846830869825
10.3411748121037
10.9050351134733
4.23659614068727
-4.31755537332064
-3.96635227600178
11.1047640052328
4.21916489856188
-12.9397054860202
-3.28882119122648
-3.38498674621133
10.4916000272725
-2.77934448390011
-2.91931146107011
2.72354903976174
12.2250963011845
-7.96646135024935
-2.04224191845189
-5.02215015661744
-0.535039582199637
-2.82574574629053
6.29907162824689
-6.65593335552588
1.19782159510634
-6.81906789446515
2.50029902677777
4.440228005833
-8.71054147349308
0.206494433731574
5.72487515321441
-11.1753675207458
-6.12947452644207
5.42108747903186
3.50682759182852
7.92726847818164
-3.78270652209699
3.29555698297516
-11.414925082031
68.6525731277884
-8.23168766754716
3.50798194865986
-26.2965348103288
11.0730510618034
-6.35841263923417
10.3651922472616
-4.45536683914479
-4.14533940468712
-2.14595902443869
1.48127461419803
-6.72681384339927
-8.62452778709507
2.73024089827924
6.20991227603788
2.85162406364044
13.2433440409612
1.94207952516632
-9.74503832668566
-3.81490152201307
4.74530791476395
12.6834492032595
0.468201062268613
-1.03053415134071
-4.051935422534
6.92756196358078
12.4476248285196
13.4931841033003
-4.2513975951982
-2.14860350356316
-13.9792237404019
0.817811190352967
5.85158312489931
-4.09277205706756
5.2858817522218
-16.9861540454496
2.2210255784082
5.30272535441932
4.07380240339945
-0.146263132936497
4.11419621260835
-2.81599020702941
4.42460289536357
-7.85103412535216
-1.15426391575799
5.82932720961049
-2.30027120871366
7.98060909497185
-2.62237344865075
1.71681729345529
-6.88916232603339
-10.9481372821488
3.05835101930674
-7.6161531739704
3.30804546447107
-4.01203197699528
25.9582809029083
-3.5639989741626
-10.0309863732579
-13.4494526228316
-3.09914898495329
4.06747502722085
1.56337099792758
-7.76422101598587
-8.23168766754716
61.1635615868985
13.2939375581689
11.0635272129159
9.19197922518991
11.3120279115086
7.04835437494139
0.96603826192794
-3.62613514125362
-4.48472549611549
1.90023148430145
-1.36342517388967
4.79517360713906
6.42889728776423
3.61179031975956
-13.2122553144536
5.61290003755365
1.96043461285761
-1.03571993027141
-0.301689938326851
7.45472005881189
0.542171927933083
3.464723677906
-3.30314616749743
0.616720975056896
-9.73444809423265
8.04976241013972
11.4856951045903
2.22963357998607
2.03144667153226
2.83833386773783
-2.88401746222782
3.70179990526365
-5.64544991713786
13.7770485437218
-15.1186993964156
-14.2505542865912
-4.31638974801951
4.46069514961105
-4.94921587353799
-4.64478082650741
-3.50735993706612
-0.699227109493012
1.55698901224359
-4.84585226164488
11.2780232814236
5.22211197199407
8.80458913578103
-12.2247173714888
9.93262203744356
4.21241705206239
2.1102391967686
-2.1047483912785
2.50000190902749
-15.6892309521308
-5.55235734211446
3.63879997618364
4.06521556129408
-1.44256776080373
-9.9352576526091
2.56541711183585
2.47135024453728
0.735223676854432
-12.2183810157466
3.50798194865986
13.2939375581689
74.1802421467168
16.835282111524
-1.60898676361562
10.0552283523603
-4.76767877454311
10.9286720404152
10.002908501445
1.92218736321836
2.71218123271897
-8.1836547928773
-7.7546337077882
5.95214090431307
2.59971973323795
5.2266147436596
5.63084524172322
-3.2229253603728
-8.33743355014437
-3.71378470599951
4.7974227236878
4.86165640739646
-4.91323337984603
1.50471010150342
-3.93827642974844
-0.93478118618944
12.4258785869642
19.1976090376499
-12.8856937675917
5.28650320852875
-6.37706148693027
1.98384570706233
-2.61336122428013
-10.3890835199302
19.6531432154384
-13.9370919895922
6.14143229278647
-25.0676919959939
5.6733962750126
-0.919906537537864
7.11867509136208
1.09649886053601
0.281889508423375
-11.020309903991
1.26970404003648
0.0519039660406024
-9.00314485166672
-3.01445224883575
6.0304813915523
-2.80919884049431
-0.00765260511219079
5.72537014394825
-15.6995172363908
0.984174651763039
-0.0738094174292035
0.618547796555181
-9.66121668825189
-3.09118969224516
-5.56387275323527
-0.324637812522267
-0.671065626655599
7.34927730546189
-12.8445880830519
5.37000404797139
-26.2965348103288
11.0635272129159
16.835282111524
79.3388343299822
-7.643398891056
1.74534724069337
-11.0102480882133
-1.04200709845363
16.9007003893051
6.40957591874058
4.61799528773037
-5.14219233706963
-0.255818999063085
-4.84380008320913
6.02291331871903
7.07160487065518
6.31851882268377
-19.1797730600681
-7.76964985178788
5.6892998346438
0.409322484135964
-6.61558817111678
12.7886423414845
3.89567390929207
2.5900369032615
-0.573749358250346
5.45473765598599
-5.83147809221138
3.8951292369681
-8.8106894956587
7.39751736108969
-14.4478437779389
-1.61915654374875
4.70532933225795
9.08368905275122
-6.75091108671507
-1.7092823884009
9.56032307897244
-9.82879954962364
3.21762778807315
1.01610770649021
-2.03292861542696
-6.95482654135698
-0.910111823777227
4.79253812601434
0.762006291792481
5.99774686044744
7.11486859812374
-1.68702375797773
9.82282726057701
-1.13164091398403
-3.33241097367999
-2.63528368050993
13.9318114267044
-4.96639670705547
-7.97738131071909
-2.77809054928013
-7.90147551461975
-11.0917258964648
-5.24850178765158
0.47901768115134
-13.3531275715052
7.94155623818125
-18.135165199988
11.0730510618034
9.19197922518991
-1.60898676361562
-7.643398891056
73.8865721033839
7.62676968900967
15.4644111340715
-0.133125161934885
4.21735457432592
-0.930388767233265
3.3608210833171
11.8088230749708
1.80331323645938
5.13258746873163
9.88975941322921
16.41606059951
-7.47551355662597
3.1118688109529
4.49094794687689
13.4512272727598
10.2999032592573
15.6995134182835
3.03891547837158
-2.72098639931394
13.0931699488366
-1.31436493760812
2.22302680112469
0.738423114383047
-14.2903519223055
-9.08374559748576
9.67929845216222
1.07425629449513
-0.658050968834754
-6.34413050320269
9.8719791908676
8.04521686310475
2.72852137203083
-8.99176698510957
2.17698321826154
0.599480239537747
2.94495152728105
-6.57665511025928
-2.93925205876161
-6.42932655969076
-1.68800319029743
4.50359000373022
0.512952003526494
-8.73016683594712
19.7660375355592
3.9613094479048
8.21235146973818
2.82504231435568
4.67054163846443
-0.423770757436769
0.592005526705805
-8.16520382372876
7.61770550977421
-2.83216441145335
-3.56115270659822
-12.0299875585522
7.83825837536756
3.82173221760083
-0.316149784717289
-4.60500349146343
-6.35841263923417
11.3120279115086
10.0552283523603
1.74534724069337
7.62676968900967
56.1675826829536
1.21446482772511
4.33089086563326
-3.25058624021045
-4.80955344522276
-3.7323480621573
-6.9730348063885
1.33225275195437
-2.6970166763432
-3.70881619914098
1.12687060416587
14.8984735160545
5.36574587555156
7.09053370347331
-20.1374064708337
15.195388650997
3.86142905027387
4.14166056238732
-11.4342981977689
-2.04487840319816
-9.75294020880705
-4.52438414619451
2.16405128252667
0.293503143314817
1.97398659964704
23.0008054026883
1.03817718879809
18.9881609077289
-3.47007178197297
-6.04135048230506
7.59147875355487
-7.45133174483344
10.7915490110195
-2.64603934854522
10.5513405201099
-6.78351889157353
-11.8212133929817
-0.578404639775068
6.20805866426142
18.8692165886562
-0.741581399623755
-9.94943610850622
-1.99302324957587
-16.5578174277728
7.28121361611341
-12.8499824669753
8.55247505305329
11.7921206652284
6.8116594884464
-6.1968719827519
-2.18309456830488
-4.35192119286761
-12.007142728747
-17.96047999225
-2.27967173682143
5.91910640594308
12.5768356044294
-6.31307671307539
-11.7535398725566
10.3651922472616
7.04835437494139
-4.76767877454311
-11.0102480882133
15.4644111340715
1.21446482772511
64.0535494372357
-3.35237283448096
-2.97102223583248
-7.1585262295884
-1.23759242723717
-7.87653166611577
-5.44547542182553
7.4891305268563
21.4765661941075
-2.86779002000585
-2.74021182788449
-3.55190047016937
-11.4894479637958
-5.79374727211957
9.06193281145322
-16.5017739670567
-9.67562931647083
6.3884177360862
5.92421504416233
-8.54547138841523
13.0751621624395
-8.61566499515768
-4.44907054088775
-2.25378689438834
-10.8917809325746
1.45713909821406
6.09672662617005
-4.87997689187252
0.518687130168196
-3.28928629185911
-1.81932459942197
0.5245862696824
14.056674918694
-6.11131254597721
-15.3746731973133
-14.6434384659002
3.45301361022976
5.34557144059158
-2.96717651520822
3.57226568220411
14.2351751540553
1.73638579680732
5.30128501164172
-5.91279795565014
1.67846612827701
-2.24697319481434
-5.43883429937429
-1.40598596710165
-0.410487929665596
-1.45016123096681
-4.58207965272208
-5.72491701974008
-0.3418416615804
-3.34447791530529
0.961578141377852
0.852151441157399
-3.58804803351028
0.00141145666681375
-4.45536683914479
0.96603826192794
10.9286720404152
-1.04200709845363
-0.133125161934885
4.33089086563326
-3.35237283448096
48.6392660187815
-2.9963964406452
-9.34014356996059
16.1639274444906
-12.7974987172722
-7.89833035917886
6.19495248371173
7.8864035426168
-16.245613164276
0.352290456504472
-7.59369514315749
-4.35330975739234
0.899764251947531
0.993261803091254
5.53534454787897
0.307466226765444
-2.33857638644644
2.1491321361068
10.5976224623119
4.07630425158342
10.7548219903595
-4.25816070388617
4.71805711358745
2.94079913782105
6.46713817401851
-1.74511433381969
-6.27340817783216
8.61583862439692
-9.30906098310931
3.58324798524065
-12.5822560342749
-10.0596845456782
7.23292430106502
3.37403181368058
-0.409407316786782
-4.53917241098677
-8.18509416556759
-8.04033918879322
14.7878680286202
4.39064956272543
5.85479233888725
-11.1722682587554
-9.39091508338902
0.401501368026956
13.8224166148617
2.26883209478499
-6.57661652323156
-3.98014721091551
-1.29482982156121
0.728166012084892
-0.471075475239387
7.62246025225045
2.60783208007536
6.81244606021102
9.11757652872746
1.65088570703862
0.355660011329867
-4.14533940468712
-3.62613514125362
10.002908501445
16.9007003893051
4.21735457432592
-3.25058624021045
-2.97102223583248
-2.9963964406452
55.5210580340584
11.0395146144705
8.02803201450932
-10.7986715415931
-11.5050408688153
0.0258632733629343
-9.88120635517801
15.8464373241942
6.234484365603
-18.2002196743266
3.40811308947062
-2.37099225985533
-8.21260527502644
3.43692470755529
6.51992682073194
3.11323808348622
-8.99877331637125
8.06875361237914
0.982429710623686
0.306896847676823
5.0153721515463
24.293916337074
-10.539054136558
-1.38590045181473
-5.74116672372919
-0.907854887722179
-9.93946897057205
-3.65643278363649
-2.31333576575444
6.99651284686703
-10.3547259315926
13.2171364626578
7.06707379147664
8.98572176793918
-1.82728632381199
4.01647035709755
-6.04168280388557
-5.25241981004707
-8.08065705502888
0.243721859429877
-5.07130013903823
6.41921027818018
-7.31439691163801
-5.47492802417781
0.161967821856622
-0.353369984360915
-1.59039412355043
17.1185724120007
-4.92941847363189
0.417637965948515
17.8300871198575
-5.91512951093133
-2.41663497354629
3.82379344201103
3.83254697180887
4.33123488767648
-2.14595902443869
-4.48472549611549
1.92218736321836
6.40957591874058
-0.930388767233265
-4.80955344522276
-7.1585262295884
-9.34014356996059
11.0395146144705
59.3782500853218
5.16258830002094
8.91183558022636
-5.65053049493312
5.43699015799725
-9.53154529689433
-7.292324317149
16.887962551103
-1.4235750749584
-6.0479127440378
0.120586503763903
1.74451414249348
-3.06237248284807
-0.314810422553599
16.5996707598851
2.77664967304861
0.284315517010559
4.25404136441247
1.24706921657516
20.8890423358038
6.27885772234898
-6.71000090627386
-14.9960895755585
3.6475331492817
0.070476060008057
-6.08769374593262
3.67765716418548
0.724950516527729
9.61819954491852
6.34694056870453
6.75195137920589
-1.84359270313257
-7.61953569301637
5.10066800085508
-4.12075004012427
-9.59546575804394
1.8479495274647
-4.98618018710865
1.49735849289037
-2.09006866251958
2.27228277637924
1.98713747801047
-1.61397825003811
-17.47532169522
0.00529539678156959
1.282141586214
5.43179901029127
-2.35606754128139
7.64147527477233
-0.260845781400453
1.92263901417714
9.87684200770254
9.50480962692887
-4.61302947582979
0.0390454102668798
1.48127461419803
1.90023148430145
2.71218123271897
4.61799528773037
3.3608210833171
-3.7323480621573
-1.23759242723717
16.1639274444906
8.02803201450932
5.16258830002094
47.1049094984946
-4.16885376295263
1.27705172164295
7.75945199712083
6.11481053072021
16.2585804540713
-3.15903010586066
5.29655215627999
1.90141806218077
8.11695150225127
-20.3280437422482
-0.0618880735433092
-7.19317428062328
-6.25259770336972
-4.18430141137601
1.18391526778582
-8.77578414203096
-0.933805878339836
17.0436258985584
-4.73817958258504
-1.71205906041001
-7.4025252836129
-3.41027853929869
0.822454948958316
-1.68618676453303
4.36117440067433
-3.56964689949954
7.79057743811576
-3.60518039234288
6.18746801016348
-6.63215817420286
-1.37816242718242
-1.05693643496907
-5.33934759680695
5.44393152784159
2.43556007668233
-1.66964863180264
-7.66014713232767
-9.18520266971793
5.84863993011326
-12.2568953832897
-6.54890170405894
-3.09929857777787
-1.01589199312424
7.48469004407959
-1.12119808080484
3.2538313709952
9.21749358245583
0.880905253138879
-8.81728449854849
-2.61554440931066
-19.7823506558188
4.10577058092463
-9.97215926418792
-6.72681384339927
-1.36342517388967
-8.1836547928773
-5.14219233706963
11.8088230749708
-6.9730348063885
-7.87653166611577
-12.7974987172722
-10.7986715415931
8.91183558022636
-4.16885376295263
50.3706961899579
9.33101086254007
-2.17103505524282
-4.71667594540946
-0.869301188349759
-0.626314642188099
1.29963941718634
-2.26660118617942
3.0264453943459
-0.141625224374218
6.10416659497065
2.98133868169001
9.18890874097405
-19.9568758444755
4.98666283072836
2.96518399594157
-7.74270137642419
4.03365111329548
4.13982133325903
-1.93185891045299
-10.6839510475294
-6.08983496836742
5.7245971414019
-18.9912978277898
5.34243575765585
3.84165837959694
-1.00565506627157
-4.85479395608201
-7.81275540488216
1.87465126447328
4.50100563467586
-8.06914506432539
-2.29082911702492
2.69090869649744
-9.39325108551488
-8.47617826831809
6.50588698146299
-1.83420349372629
0.32243545980702
-2.06461943806575
-13.2461615049939
-1.17722429419557
-0.287830025581576
11.4508177424542
0.0263220341076438
6.64189245430079
11.0548725702849
7.26392174574461
-5.15965225920565
-1.5833295282755
-0.00840335849606166
-3.78416019221281
-0.819808643821772
-8.62452778709507
4.79517360713906
-7.7546337077882
-0.255818999063085
1.80331323645938
1.33225275195437
-5.44547542182553
-7.89833035917886
-11.5050408688153
-5.65053049493312
1.27705172164295
9.33101086254007
50.2681593332815
-4.41841781586448
-4.60877552046942
-3.62580187379182
17.0121513653064
3.40534578727898
-1.01230814092322
-10.7165022000656
-9.754037945058
-6.03569453664291
4.41543968708043
10.5328358186715
-5.26350593560392
-1.32887950250285
13.5367737770687
-0.223236736506268
0.298630010582273
3.74834866392596
4.47540465013947
-7.18926652149077
11.5824762135674
-1.79951747245548
-4.6607553328736
4.49925248345322
-11.1407768326401
6.26187729906897
-8.13072287175665
8.89679946217723
-1.42529867342388
-0.418091608124056
12.8710205085572
8.39194462582445
-16.4928354985298
0.860648053308299
-1.66485354703322
4.62573686895084
-8.39416260815818
2.71232898623758
5.25776316356246
-5.92863096479844
1.67410381572777
1.34998735314723
-3.15881760326104
-6.86669337346376
-6.75605498503133
-10.2069971826725
9.62863712096939
-6.97765202417495
-4.16313474773346
0.723005478108218
1.3186424711553
0.0888685316030885
2.73024089827924
6.42889728776423
5.95214090431307
-4.84380008320913
5.13258746873163
-2.6970166763432
7.4891305268563
6.19495248371173
0.0258632733629343
5.43699015799725
7.75945199712083
-2.17103505524282
-4.41841781586448
46.1283832593885
1.88709385205591
8.15888962137333
5.31383615652142
3.63722018931879
-18.1310262188852
-17.7301684588839
18.3993448442738
-7.02041963690487
8.02007808529082
-7.50994501142665
-7.86208609919573
-0.470615579163924
-3.19476110895659
2.06426027122221
-0.917863940400547
-3.0186634886008
0.512399921931613
-2.86496520730287
6.43046993333894
-10.9253771579677
-9.97298819575346
3.20074954779537
1.53430035249197
-9.65815298558142
-0.690089924650738
18.7496061473647
-2.96151596298273
-4.14960925793594
-1.34381593159112
-4.63155107424892
13.8404802802978
-8.11771221938829
2.8161865072699
-8.54335995156333
-3.4759071901979
19.3661906771922
3.50633250707858
3.35196293495976
-13.5565207595465
-5.02134859260376
-18.477310195328
-4.28300812944245
-18.8363574306507
10.5533741638307
-12.1641496568703
13.1446195911066
12.9967539680306
-7.81576760552476
-0.216521901283703
-3.91382539837633
6.20991227603788
3.61179031975956
2.59971973323795
6.02291331871903
9.88975941322921
-3.70881619914098
21.4765661941075
7.8864035426168
-9.88120635517801
-9.53154529689433
6.11481053072021
-4.71667594540946
-4.60877552046942
1.88709385205591
73.9570137427628
0
0
0
0
0
0
0
0
0
0
0
0
0
0
0
0
0
0
0
0
0
0
0
0
0
0
0
0
0
0
0
0
0
0
0
0
0
0
0
0
0
0
0
0
0
0
0
0
0
0
0
0
0
0
0
0
0
0
0
0
0
0
0
0
