log-posterior
-9.18939
-9.18939
-9.18939
-11.6041
-13.5271
-10.981
-12.1493
-14.7764
-12.5995
-13.512
-12.6691
-13.6805
-13.862
-16.8032
-15.908
-16.9559
-16.137
-15.6018
-12.5838
-13.0369
-13.19
-12.9999
-14.9899
-14.5411
-12.7081
-17.9567
-15.5365
-19.6248
-17.7221
-15.6021
-15.1509
-12.4576
-12.2801
-17.043
-13.6331
-14.0813
-12.0605
-13.4387
-13.2767
-17.6057
-20.6365
-18.1118
-11.2589
-14.7435
-12.8601
-15.1749
-14.2871
-13.8835
-14.2947
-12.9471
-14.0978
-15.8944
-15.5458
-19.3363
-13.2488
-12.6491
-15.1448
-16.5996
-12.2439
-11.336
-11.2687
-12.6107
-14.9357
-17.0888
-12.0707
-14.3263
-13.7844
-16.6862
-19.685
-11.8896
-14.3174
-15.3902
-14.5787
-11.143
-11.7468
-12.9793
-12.7844
-12.3273
-13.2622
-14.5773
-12.9487
-15.6318
-14.6332
-10.4543
-14.0276
-12.5115
-11.6312
-12.5093
-12.8592
-12.6243
-13.691
-16.5134
-12.102
-12.3145
-16.1204
-12.4273
-11.9742
-11.1404
-10.8945
-12.1317
-12.2557
-11.4662
-11.7272
-18.4134
-18.0733
-18.0155
-15.0542
-12.98
-13.6981
-14.1575
-16.1482
-12.6152
-13.1016
-13.1517
-18.1332
-16.3177
-14.7456
-16.024
-12.0937
-11.843
-11.1931
-17.7139
-12.7072
-13.381
-11.2661
-13.3969
-11.5872
-12.4197
-15.713
-14.609
-17.1105
-18.9054
-12.1706
-14.4702
-15.4833
-19.942
-14.1942
-11.1239
-16.5393
-12.3224
-14.1078
-12.8904
-14.7179
-16.851
-15.0443
-12.1923
-14.8063
-15.2344
-12.1993
-13.9113
-14.8241
-16.2759
-14.4828
-14.6029
-12.8185
-12.5835
-13.5834
-11.6559
-20.0675
-13.9549
-13.3874
-11.4403
-15.0814
-17.1685
-15.274
-17.2901
-15.4479
-17.078
-14.0514
-14.2045
-15.6793
-11.803
-13.1553
-14.3906
-13.2448
-11.6968
-19.6229
-15.0263
-14.1326
-12.6214
-12.2344
-12.2344
-13.6124
-14.9633
-12.1602
-13.6952
-15.7794
-17.6479
-18.9979
-11.8437
-14.4694
-13.7152
-13.3727
-12.6605
-15.2908
-16.4848
-15.5454
-13.6808
-12.0438
-10.7837
-19.7712
-13.1679
-13.6579
-15.4085
-12.627
-11.946
-12.7116
-17.7297
-15.4385
-19.9963
-14.2828
-11.898
-13.897
-13.5972
-13.1268
-12.6041
-12.1685
-11.7183
-13.1494
-13.4059
-13.539
-17.5353
-16.1409
-14.3734
-12.5067
-13.9187
-12.6804
-16.832
-18.4666
-20.7484
-15.8228
-11.971
-16.2372
-13.3775
-13.3775
-13.4376
-12.2922
-16.7852
-18.5354
-12.2448
-12.9849
-13.8438
-14.7911
-15.0904
-11.7241
-14.4298
-12.652
-13.5157
-10.9681
-14.74
-12.8548
-12.9553
-14.4076
-14.4571
-13.1316
-13.2265
-15.3408
-16.1815
-15.5008
-17.0559
-20.9958
-13.5747
-13.4952
-14.0597
-18.075
-12.4861
-13.0734
-14.9027
-13.0439
-11.5817
-11.3386
-10.4326
-11.4835
-10.7939
-13.9189
-15.5862
-18.9536
-13.3754
-13.7723
-15.5286
-17.2567
-12.5872
-10.8992
-11.4534
-11.9272
-14.4079
-18.4402
-18.456
-13.5999
-13.313
-13.4137
-18.1982
-15.7745
-14.7177
-17.1208
-17.2155
-15.507
-11.2607
-16.6622
-15.0662
-14.511
-11.9847
-12.1328
-12.7587
-14.7469
-13.4875
-14.2189
-13.2717
-18.3722
-14.0836
-14.1401
-14.1963
-13.862
-13.9434
-14.6816
-14.7403
-14.4467
-15.548
-14.3317
-10.9027
-13.8546
-11.9249
-11.7084
-16.1151
-11.4591
-10.5576
-12.4273
-11.7066
-11.3301
-11.7988
-10.3293
-14.8636
-11.5892
-11.8008
-10.8101
-11.0604
-14.917
-10.5216
-12.9015
-12.2536
-11.7909
-14.6053
-14.399
-12.9851
-18.7136
-19.305
-17.6194
-16.3002
-17.9394
-15.397
-16.3561
-13.463
-12.7655
-12.3754
-14.1676
-15.4734
-15.1745
-14.8493
-14.0914
-17.091
-13.9238
-13.7453
-11.8723
-13.0466
-10.7083
-12.9814
-17.7476
-17.5187
-11.9845
-17.0586
-15.306
-14.76
-14.7774
-14.4154
-14.5552
-12.933
-14.2163
-13.334
-17.1684
-11.3427
-12.353
-15.5634
-19.221
-11.4112
-12.2117
-12.9553
-15.2954
-13.8771
-11.7607
-13.8877
-14.2947
-17.2058
-13.0903
-12.4581
-13.7388
-14.7253
-12.3109
-12.0166
-14.734
-16.0527
-17.1502
-17.9628
-17.4179
-21.0954
-21.4254
-15.6721
-13.4741
-17.0572
-15.0627
-16.171
-13.4079
-14.1162
-14.9055
-12.4615
-21.9915
-13.6061
-12.8303
-12.1531
-13.1511
-13.8244
-14.3333
-11.2344
-12.3961
-14.5233
-12.0134
-13.1948
-14.9312
-15.624
-14.5308
-12.1225
-14.9169
-14.4108
-18.6735
-12.1273
-14.7079
-12.6441
-15.7442
-15.0297
-14.8463
-15.825
-18.6426
-18.9461
-17.4771
-13.3187
-14.3414
-14.7163
-12.8308
-11.6054
-12.4808
-10.945
-12.0931
-13.1302
-13.2032
-15.0013
-14.7647
-15.7451
-19.7435
-19.7242
-18.8612
-14.3023
-14.4905
-15.0034
-13.8236
-17.3635
-17.7051
-14.4192
-16.5709
-16.8475
-16.1901
-12.8203
-12.3652
-12.7557
-13.2713
-17.8976
-18.1924
-13.4018
-13.4168
-12.1641
-13.8901
-15.2536
-11.8086
-11.6394
-12.6033
-19.6752
-17.7194
-12.5704
-11.4529
-11.8339
-15.9703
-13.4144
-16.1695
-10.9273
-12.8415
-15.4059
-14.9809
-12.0942
-11.8232
-11.8225
-10.734
-12.2216
-11.636
-11.5264
-13.4674
-12.8591
-14.8156
-14.5482
-12.4311
-16.3083
-13.119
-15.1
-13.4583
-12.2693
-11.9502
-13.2521
-12.021
-23.5651
-11.3176
-11.9424
-12.5042
-13.5505
-12.8001
-14.9104
-13.7794
-14.2554
-15.7702
-12.3108
-12.3379
-10.4453
-13.2178
-15.9739
-12.0597
-12.1561
-14.3148
-13.6687
-12.6002
-13.8515
-11.0301
-16.1222
-12.8506
-13.7224
-13.499
-14.5456
-16.4845
-12.2202
-11.8954
-11.2843
-16.4426
-14.7162
-11.5294
-12.6606
-14.5411
-16.6628
-17.521
-15.3032
-12.479
-14.4533
-12.1783
-9.82362
-11.6609
-12.7607
-15.2579
-13.39
-12.0788
-13.327
-14.0234
-13.5125
-13.6829
-13.528
-14.9128
-12.9169
-14.3919
-13.3088
-13.5829
-13.3293
-13.7271
-13.7631
-10.5674
-11.9018
-15.8757
-12.685
-12.7362
-12.7863
-14.4822
-15.1089
-13.8537
-11.65
-12.4923
-13.6178
-14.4223
-14.2475
-16.679
-16.7126
-12.5751
-11.9202
-14.4073
-13.0082
-15.9758
-14.2737
-14.8838
-13.5298
-13.8568
-12.1932
-10.5686
-13.0839
-13.1529
-13.6877
-12.8002
-17.915
-18.7853
-15.4502
-13.713
-20.2661
-11.8358
-11.3075
-12.124
-13.5627
-11.8561
-15.289
-17.7533
-17.7125
-15.9612
-13.8173
-14.5945
-17.76
-17.2619
-14.4936
-14.0763
-15.9492
-14.159
-13.5022
-15.9294
-13.7372
-13.0004
-11.9429
-11.7426
-19.559
-13.9996
-12.704
-15.1879
-15.9171
-10.6726
-12.6339
-12.5865
-18.455
-14.686
-11.782
-10.9242
-13.6195
-12.9703
-18.9337
-13.2617
-15.8489
-14.4641
-16.1436
-19.464
-15.7225
-12.5161
-13.8296
-14.3775
-13.0393
-12.0854
-15.2902
-14.6946
-13.1741
-13.0865
-13.4684
-11.198
-12.1696
-12.8629
-12.0186
-13.2083
-10.5908
-13.4279
-16.5966
-15.5471
-14.4062
-16.8062
-13.3677
-10.6117
-14.6156
-17.6558
-13.8119
-16.0156
-16.5568
-14.8492
-12.695
-12.5381
-10.9951
-11.205
-14.4798
-14.3349
-13.3269
-12.3603
-14.7498
-11.6144
-10.2087
-17.662
-16.4529
-12.7092
-13.2743
-18.4351
-13.5331
-12.3418
-16.3203
-12.9579
-11.8918
-15.9005
-12.572
-12.655
-14.0001
-19.0857
-14.0207
-12.9649
-12.8558
-15.4255
-13.532
-15.1824
-12.9252
-13.2653
-17.9757
-15.5094
-14.6193
-17.2516
-14.1428
-13.6437
-12.9648
-12.535
-12.9135
-15.1656
-14.2481
-11.1355
-11.1355
-10.4654
-12.0749
-12.1429
-13.7136
-16.4437
-20.1844
-17.9315
-10.6886
-13.1259
-12.8475
-13.721
-12.254
-14.025
-18.555
-17.858
-12.7532
-13.8959
-12.5985
-15.2114
-16.3917
-16.4526
-19.7467
-13.2087
-15.1498
-14.3275
-16.4952
-16.811
-15.3652
-12.7586
-11.7529
-13.2345
-13.8781
-15.5838
-13.5091
-12.3897
-11.486
-14.5636
-15.4186
-13.7499
-13.7211
-13.8113
-13.5868
-11.0193
-12.8469
-12.5126
-14.1579
-15.1058
-11.4174
-11.3877
-12.2339
-13.1761
-13.7603
-14.6006
-17.4618
-13.6129
-12.8766
-12.9018
-14.9904
-12.2759
-13.1578
-18.9396
-16.6713
-11.2164
-13.675
-14.1306
-17.4534
-13.6994
-13.97
-11.9839
-13.2785
-11.9496
-12.0433
-11.4926
-14.1138
-12.2245
-11.322
-16.6289
-16.1498
-11.8796
-14.394
-18.531
-12.401
-15.1849
-13.5991
-10.7487
-11.3833
-11.1378
-14.8296
-13.0503
-13.9347
-13.7301
-15.4084
-14.9168
-13.919
-19.266
-15.2205
-14.66
-12.5265
-12.3249
-11.6246
-11.6962
-14.424
-15.203
-14.5174
-13.0473
-15.6016
-14.9958
-15.9654
-14.1725
-17.1177
-14.8706
-17.0526
-10.9401
-14.6638
-14.005
-20.469
-13.6686
-14.9896
-11.3493
-19.719
-19.0587
-18.5251
-16.8865
-13.1105
-15.4032
-10.8508
-13.2922
-10.7849
-12.4109
-12.6627
-11.0026
-14.1177
-16.2309
-14.6167
-11.9939
-12.5579
-14.1538
-12.8166
-11.2621
-17.6129
-15.8516
-13.2042
-11.6844
-12.5127
-11.1239
-15.0578
-13.4258
-13.4156
-13.9196
-15.1238
-15.8906
-15.0644
-16.1439
-17.1766
-16.5094
-15.8332
-12.5673
-13.5578
-17.0595
-13.8364
-15.0167
-13.0081
-13.784
-14.7703
-11.4592
-14.0035
-13.4241
-13.2045
-13.1894
-12.2507
-16.0125
-20.8524
-15.6757
-13.4541
-12.7752
-11.7737
-13.0276
-11.661
-15.1257
-12.7084
-16.0836
-22.1389
-16.148
-15.4822
-12.3005
-11.5561
-15.7198
-10.9429
-12.2038
-15.8992
-16.6419
-14.0353
-12.0759
-14.6919
-15.8871
-16.469
-12.1679
-13.3969
-13.9418
-14.8141
-17.4125
-16.5645
-13.9265
-13.835
-11.9311
-14.879
-15.1509
-13.4036
-14.4441
-13.5436
-13.6643
-12.9743
-12.3454
-13.8083
-16.5191
-17.1799
-16.1761
-17.0924
-12.5598
-11.5166
-13.7555
-13.3518
-10.783
-14.6789
-11.6366
-13.677
-14.1072
-11.2692
-11.08
-14.2044
-18.3416
-15.5924
-17.2503
-12.6733
-16.938
-15.4195
-18.1743
-19.1785
-19.2688
-16.0102
-13.3968
-12.5183
-18.6688
-18.2709
-15.915
-13.0534
-12.6213
-12.0425
-14.1991
-16.336
-19.7995
-14.5801
-11.5976
-15.6937
-11.9674
-11.0606
-14.6357
-13.8721
-12.3766
-14.0846
-14.3132
-18.1358
-14.394
-13.6911
-13.3053
-17.5483
-15.8926
-15.2975
