#C data file created using the SS_writedat function in the R package r4ss
#C should work with SS version:
#C file write time: 2017-03-22 20:23:47
#
1 #_styr
50 #_endyr
1 #_nseas
12 #_months_per_seas
1 #_spawn_seas
1 #_Nfleet
2 #_Nsurveys
1 #_N_areas
Fishery%Survey%CPUE #_fleetnames
0.5 0.5 0.5 #_surveytiming_in_season
1 1 1 #_area_assignments_for_each_fishery_and_survey
1 #_units of catch:  1=bio; 2=num
0.01 #_se of log(catch) only used for init_eq_catch and for Fmethod 2 and 3
1 #_Ngenders
25 #_Nages
0 #_init_equil_catch_for_each_fishery
50 #_N_lines_of_catch_to_read
 #_Fishery year seas
 199570000    1    1
 228459000    2    1
 249255000    3    1
 262014000    4    1
 273916000    5    1
 284785000    6    1
 289806000    7    1
 289884000    8    1
 283907000    9    1
 274438000   10    1
 266141000   11    1
 258245000   12    1
 256782000   13    1
 256375000   14    1
 250450000   15    1
 243042000   16    1
 231698000   17    1
 219828000   18    1
 213646000   19    1
 207717000   20    1
 197997000   21    1
 197194000   22    1
 197358000   23    1
 186225000   24    1
 179150000   25    1
 172413000   26    1
 161149000   27    1
 149283000   28    1
 137989000   29    1
 124428000   30    1
 115166000   31    1
 106050000   32    1
  98087000   33    1
  94010200   34    1
  91418500   35    1
  88283900   36    1
  88558600   37    1
  85932900   38    1
  82625200   39    1
  81095900   40    1
  79985900   41    1
  79957200   42    1
  76975500   43    1
  76841400   44    1
  77141100   45    1
  81058600   46    1
  82879500   47    1
  81272200   48    1
  76946800   49    1
  71632500   50    1
25 #_N_cpue
#_Units:  0=numbers; 1=biomass; 2=F
#_Errtype:  -1=normal; 0=lognormal; >0=T
#_Fleet Units Errtype
 #_Fleet Units Errtype
       1     1       0
       2     1       0
       3     1       0
 #_year seas index        obs se_log
      1    1     2 3700998783    0.2
      3    1     2 3088191961    0.2
      5    1     2 1917719040    0.2
      7    1     2 3113715998    0.2
      9    1     2 1637098125    0.2
     11    1     2  939014881    0.2
     13    1     2  939577739    0.2
     15    1     2 2230433884    0.2
     17    1     2 1036170851    0.2
     19    1     2 1710967745    0.2
     21    1     2  535128775    0.2
     23    1     2  828157759    0.2
     25    1     2  638075218    0.2
     27    1     2  363218652    0.2
     29    1     2  427547524    0.2
     31    1     2  633239621    0.2
     33    1     2  437563833    0.2
     35    1     2  518528102    0.2
     37    1     2  531250913    0.2
     39    1     2  441192558    0.2
     41    1     2  896222866    0.2
     43    1     2  572573432    0.2
     45    1     2  616896636    0.2
     47    1     2  816818300    0.2
     49    1     2 1407992628    0.2
0 #_N_discard_fleets
#_discard_units (1=same_as_catchunits(bio/num); 2=fraction; 3=numbers)
#_discard_errtype:  >0 for DF of T-dist(read CV below); 0 for normal with CV; -1 for normal with se; -2 for lognormal
0 #_N_discard
0 #_N_meanbodywt
1 #_DF_for_meanbodywt_T-distribution_like
2 # length bin method: 1=use databins; 2=generate from binwidth,min,max below; 3=read vector
2 # binwidth for population size comp
10 # minimum size in the population (lower edge of first bin and size at age 0.00)
190 # maximum size in the population (lower edge of last bin)
-1 #_comp_tail_compression
1e-10 #_add_to_comp
0 #_combine males into females at or below this bin number
91 #_N_lbins
#_lbin_vector
10 12 14 16 18 20 22 24 26 28 30 32 34 36 38 40 42 44 46 48 50 52 54 56 58 60 62 64 66 68 70 72 74 76 78 80 82 84 86 88 90 92 94 96 98 100 102 104 106 108 110 112 114 116 118 120 122 124 126 128 130 132 134 136 138 140 142 144 146 148 150 152 154 156 158 160 162 164 166 168 170 172 174 176 178 180 182 184 186 188 190
27 #_N_Length_comp_observations
 #_Yr Seas FltSvy Gender Part Nsamp l10 l12 l14 l16 l18 l20 l22 l24 l26 l28 l30 l32 l34 l36 l38 l40 l42 l44 l46 l48 l50 l52 l54 l56 l58 l60 l62 l64 l66 l68 l70 l72 l74 l76 l78 l80 l82 l84 l86 l88 l90 l92 l94 l96 l98 l100 l102 l104 l106 l108 l110 l112 l114 l116 l118 l120 l122 l124 l126 l128 l130 l132 l134 l136 l138 l140 l142 l144 l146 l148 l150 l152 l154 l156 l158 l160 l162 l164 l166 l168 l170 l172 l174 l176 l178 l180 l182 l184 l186 l188 l190
    1    1      2      0    0   100   0   0   0   0   0   0   0   0   3   1   0   1   0   2   1   2   1   1   1   5   1   3   0   1   2   2   3   0   0   1   4   2   5   0   1   4   5   6   4   5   1   4   4   1   1    3    2    2    0    0    1    2    0    0    2    0    1    1    0    2    1    2    1    1    0    0    0    0    0    1    0    0    0    0    0    0    0    0    0    0    0    0    0    0    0    0    0    0    0    0    0
    4    1      2      0    0   100   0   0   0   0   0   0   0   0   1   0   7   3   0   2   1   0   1   1   1   2   3   1   2   1   0   1   1   0   1   0   1   2   1   2   1   5   0   3   2   2   3   2   2   0   5    1    6    1    1    4    4    4    4    1    2    1    1    2    0    2    1    0    2    0    1    1    0    1    0    0    0    0    0    0    0    0    0    0    0    0    0    0    0    0    0    0    0    0    0    0    0
    7    1      2      0    0   100   0   0   0   0   0   0   0   0   2   1   1   7   3   3   0   1   0   2   1   1   1   5   3   1   3   1   1   4   2   1   4   0   3   2   0   3   0   4   2   2   1   0   2   2   1    1    0    4    2    1    3    2    1    3    1    3    1    1    1    0    0    1    2    2    0    0    0    1    0    0    0    0    0    0    0    0    0    0    0    0    0    0    0    0    0    0    0    0    0    0    0
   10    1      2      0    0   100   0   0   0   0   0   0   0   0   2   3   1  10   3   0   0   1   0   5   3   3   1   1   4   1   1   1   2   0   0   2   3   0   2   0   2   3   2   0   2   0   2   4   2   2   2    4    2    1    2    0    1    2    4    3    1    0    2    0    0    3    0    0    1    1    2    0    0    0    0    0    0    0    0    0    0    0    1    0    0    0    0    0    0    0    0    0    0    0    0    0    0
   13    1      2      0    0   100   0   0   0   0   0   0   0   0   2   5   5   5   6   1   1   0   4   2   5   6   6   4   3   3   1   5   3   3   2   1   2   4   1   2   1   3   1   0   0   0   1   1   1   0   1    1    1    1    0    0    1    0    0    0    1    2    0    0    2    0    0    0    0    0    0    0    0    0    0    0    0    0    0    0    0    0    0    0    0    0    0    0    0    0    0    0    0    0    0    0    0
   16    1      2      0    0   100   0   0   0   0   0   0   0   0   1   2   3   1   5   2   1   2   4   0   3   4   4   5   4   2   1   0   4   2   3   1   1   0   2   2   5   5   2   2   1   1   3   2   1   5   3    1    1    1    2    0    2    0    0    1    1    0    0    1    0    0    0    1    0    0    0    0    0    0    0    0    0    0    0    0    0    0    0    0    0    0    0    0    0    0    0    0    0    0    0    0    0
   19    1      2      0    0   100   0   0   0   0   0   0   0   0   0   3   7   4   0   2   0   2   3   3   7   3   6   1   1   5   1   4   1   2   3   2   4   3   2   1   2   1   4   2   1   1   1   1   3   1   1    1    0    1    1    2    2    2    2    0    0    0    0    0    0    1    0    0    0    0    0    0    0    0    0    0    0    0    0    0    0    0    0    0    0    0    0    0    0    0    0    0    0    0    0    0    0
   22    1      2      0    0   100   0   0   0   0   0   0   0   0   2   7   4   4   2   2   2   0   2   3   6   8   3   2   9   0   1   1   3   3   0   3   3   1   0   5   1   1   0   1   0   4   3   1   0   2   1    1    0    1    1    1    0    0    2    0    0    1    0    0    0    0    1    0    1    1    0    0    0    0    0    0    0    0    0    0    0    0    0    0    0    0    0    0    0    0    0    0    0    0    0    0    0
   25    1      2      0    0   100   0   0   0   0   0   0   0   0   3   3   8   6   8   1   2   4   5   8   3   7   0   2   0   1   0   2   3   1   2   2   2   2   1   0   3   1   3   3   5   1   1   0   2   0   0    0    0    0    1    0    1    0    0    1    1    0    0    0    0    0    0    1    0    0    0    0    0    0    0    0    0    0    0    0    0    0    0    0    0    0    0    0    0    0    0    0    0    0    0    0    0
   28    1      2      0    0   100   0   0   0   0   0   0   0   1   1   5   4   2   6   2   0   0   5   7   3   5   2   5   3   1   1   1   3   1   4   4   2   1   3   1   4   1   2   1   1   6   0   1   3   1   0    0    1    2    1    1    1    0    0    0    0    0    0    0    0    0    0    0    1    0    0    0    0    0    0    0    0    0    0    0    0    0    0    0    0    0    0    0    0    0    0    0    0    0    0    0    0
   31    1      2      0    0   100   0   1   0   0   0   0   0   0   2   3   4   4   6   1   1   2   1   4   5   4   4   3   6   1   1   1   4   3   4   1   0   2   3   1   1   1   3   3   3   1   2   0   5   1   1    1    1    1    0    0    2    1    0    0    0    0    0    0    0    1    0    0    0    0    0    0    0    0    0    0    0    0    0    0    0    0    0    0    0    0    0    0    0    0    0    0    0    0    0    0    0
   34    1      2      0    0   100   0   0   0   0   0   0   1   1   6   3   7   2   3   0   0   2   1   2   2   5   4   4   1   4   6   4   2   0   2   4   1   0   3   2   3   0   3   0   0   1   1   0   4   5   2    2    0    3    1    2    0    0    0    1    0    0    0    0    0    0    0    0    0    0    0    0    0    0    0    0    0    0    0    0    0    0    0    0    0    0    0    0    0    0    0    0    0    0    0    0    0
   37    1      2      0    0   100   0   0   0   0   0   0   0   0   0   1   4   3   1   2   0   1   3   4   2   4   4   2   5   3   3   2   1   3   3   1   5   3   6   2   4   1   3   0   1   3   2   1   2   1   5    3    1    1    1    0    0    1    0    0    0    0    0    0    0    0    0    2    0    0    0    0    0    0    0    0    0    0    0    0    0    0    0    0    0    0    0    0    0    0    0    0    0    0    0    0    0
   40    1      2      0    0   100   0   0   0   0   0   0   0   0   3   4   3   5   3   0   0   2   3   1   9   6   3   4   6   2   0   3   3   1   1   3   0   5   3   4   1   0   0   2   1   3   1   3   1   2   1    1    0    1    0    0    0    2    0    1    1    0    0    0    0    1    0    0    1    0    0    0    0    0    0    0    0    0    0    0    0    0    0    0    0    0    0    0    0    0    0    0    0    0    0    0    0
   43    1      2      0    0   100   0   0   0   0   0   0   0   1   1   4   8   6   7   0   0   0   0   2   2   1   2   1   3   0   1   1   4   3   4   3   2   1   4   1   3   4   2   1   2   1   5   2   1   2   0    1    3    1    2    0    0    1    2    2    0    2    0    1    0    0    0    0    0    0    0    0    0    0    0    0    0    0    0    0    0    0    0    0    0    0    0    0    0    0    0    0    0    0    0    0    0
   46    1      2      0    0   100   0   0   0   0   0   0   0   1   0   4   6   3   2   2   1   1   2   4   3   7   7   6   2   2   2   5   2   2   2   3   1   2   0   1   2   1   3   2   4   3   1   0   1   3   0    2    0    0    0    0    1    0    0    0    1    2    0    0    0    0    0    0    0    1    0    0    0    0    0    0    0    0    0    0    0    0    0    0    0    0    0    0    0    0    0    0    0    0    0    0    0
   49    1      2      0    0   100   0   0   0   0   0   0   0   1   0   3   4   6   4   2   0   3   0   2   2   6   3   2   2   4   5   3   4   3   0   2   1   1   1   1   2   1   4   1   2   6   2   1   4   2   1    1    1    1    0    1    1    2    1    0    1    0    0    0    0    0    0    0    0    0    0    0    0    0    0    0    0    0    0    0    0    0    0    0    0    0    0    0    0    0    0    0    0    0    0    0    0
    1    1      1      0    0   100   0   0   0   0   0   0   0   0   0   0   1   0   0   0   1   0   1   0   3   2   5   5   3   2   2   2   3   3   0   2   2   4   2   2   3   3   1   0   3   4   2   1   2   3   2    1    3    1    2    2    3    3    1    2    1    1    0    1    1    2    1    1    2    1    0    0    1    0    0    0    0    1    0    0    0    0    0    0    0    0    0    0    0    0    0    0    0    0    0    0    0
    6    1      1      0    0   100   0   0   0   0   0   0   0   0   0   0   0   0   0   0   0   0   1   2   2   2   3   4   6   8   3   1   3   6   5   1   3   4   1   0   3   1   2   1   3   0   0   3   1   0   1    0    0    3    2    2    2    1    2    3    0    0    2    5    1    2    0    1    2    1    1    0    0    0    0    0    0    0    0    0    0    0    0    0    0    0    0    0    0    0    0    0    0    0    0    0    0
   11    1      1      0    0   100   0   0   0   0   0   0   0   0   1   1   0   1   1   0   0   0   1   3   8   3   7   4   2   2   1   5   3   3   2   2   0   3   1   2   1   3   2   1   3   3   4   2   2   1   4    0    2    2    3    0    2    0    2    1    2    1    0    1    0    1    0    0    0    0    0    0    0    1    0    0    0    0    0    0    0    0    0    0    0    0    0    0    0    0    0    0    0    0    0    0    0
   16    1      1      0    0   100   0   0   0   0   0   0   0   0   0   1   0   0   0   0   1   0   0   1   5   7   2   6   2   4   1   3   2   4   1   2   0   5   1   4   2   0   5   0   2   4   3   2   4   2   1    3    3    0    0    3    2    0    4    3    0    3    0    0    0    0    0    0    0    1    1    0    0    0    0    0    0    0    0    0    0    0    0    0    0    0    0    0    0    0    0    0    0    0    0    0    0
   21    1      1      0    0   100   0   0   0   0   0   0   0   0   1   0   1   1   2   0   2   1   0   0   4   2   3   4   4   3   2   5   3   3   4   6   3   5   2   7   1   6   5   1   1   1   1   0   1   2   1    0    1    1    2    0    0    2    0    1    2    0    0    1    0    0    0    0    0    1    0    0    0    0    1    0    0    0    0    0    0    0    0    0    0    0    0    0    0    0    0    0    0    0    0    0    0
   26    1      1      0    0   100   0   0   0   0   0   0   0   0   0   0   2   1   0   1   0   2   2   5   2   7   6   1   6   4   8   3   3   7   3   3   2   3   2   4   2   3   1   2   1   0   0   2   0   3   1    0    1    1    2    1    1    0    0    0    1    0    0    0    0    0    1    0    0    0    0    0    0    0    0    0    0    0    0    0    0    0    0    0    0    0    0    0    0    0    0    0    0    0    0    0    0
   31    1      1      0    0   100   0   0   0   0   0   0   0   0   1   1   1   1   1   0   1   0   3   4   4   9   4   4   2   4   5   1   1   8   5   1   2   4   0   2   7   1   0   2   1   2   1   2   2   1   0    3    0    0    1    3    0    0    1    0    2    0    0    0    0    0    0    1    1    0    0    0    0    0    0    0    0    0    0    0    0    0    0    0    0    0    0    0    0    0    0    0    0    0    0    0    0
   36    1      1      0    0   100   0   0   0   0   0   0   0   0   0   0   2   2   1   1   1   1   0   2   6   3   8   4   3   2   3   3   1   3   2   1   2   4   1   6   2   3   5   5   1   1   4   1   2   1   2    0    2    2    2    1    0    0    0    1    0    1    1    1    0    0    0    0    0    0    0    0    0    0    0    0    0    0    0    0    0    0    0    0    0    0    0    0    0    0    0    0    0    0    0    0    0
   41    1      1      0    0   100   0   0   0   0   0   0   0   0   1   0   1   2   3   1   0   0   2   3   6   5   3   5   2   2   2   4   4   7   9   3   3   3   5   1   0   0   1   3   3   0   0   0   1   2   2    0    1    2    4    1    0    1    0    0    1    0    0    0    0    0    1    0    0    0    0    0    0    0    0    0    0    0    0    0    0    0    0    0    0    0    0    0    0    0    0    0    0    0    0    0    0
   46    1      1      0    0   100   0   0   0   0   0   0   0   1   1   0   1   2   1   0   0   0   1   3   9   9  10   8   4   4   1   1   4   2   3   3   1   3   4   1   3   2   0   0   2   0   2   0   2   0   2    0    1    2    1    0    0    1    2    0    1    0    0    1    0    0    0    0    1    0    0    0    0    0    0    0    0    0    0    0    0    0    0    0    0    0    0    0    0    0    0    0    0    0    0    0    0
25 #_N_agebins
#_agebin_vector
1 2 3 4 5 6 7 8 9 10 11 12 13 14 15 16 17 18 19 20 21 22 23 24 25
1 #_N_ageerror_definitions
 #_age0   age1   age2   age3   age4   age5   age6   age7   age8   age9  age10  age11  age12  age13  age14  age15  age16  age17  age18  age19  age20  age21  age22  age23  age24  age25
 -1.000 -1.000 -1.000 -1.000 -1.000 -1.000 -1.000 -1.000 -1.000 -1.000 -1.000 -1.000 -1.000 -1.000 -1.000 -1.000 -1.000 -1.000 -1.000 -1.000 -1.000 -1.000 -1.000 -1.000 -1.000 -1.000
  0.001  0.001  0.001  0.001  0.001  0.001  0.001  0.001  0.001  0.001  0.001  0.001  0.001  0.001  0.001  0.001  0.001  0.001  0.001  0.001  0.001  0.001  0.001  0.001  0.001  0.001
17 #_N_agecomp
3 #_Lbin_method: 1=poplenbins; 2=datalenbins; 3=lengths
-1 #_combine males into females at or below this bin number
 #_Yr Seas FltSvy Gender Part Ageerr Lbin_lo Lbin_hi Nsamp a1 a2 a3 a4 a5 a6 a7 a8 a9 a10 a11 a12 a13 a14 a15 a16 a17 a18 a19 a20 a21 a22 a23 a24 a25
    1    1      2      0    0      1      -1      -1   100  9 12 15 11 10 11  7  2  6   2   1   2   1   2   1   0   0   2   0   0   0   1   2   2   1
    4    1      2      0    0      1      -1      -1   100 15 10 10 13 10 11  8  5  4   3   4   0   1   0   1   1   1   1   0   0   2   0   0   0   0
    7    1      2      0    0      1      -1      -1   100 10 10 18 15  4  6  8  5  5   3   4   3   1   3   1   1   0   0   1   1   1   0   0   0   0
   10    1      2      0    0      1      -1      -1   100 24 19  6 16  5 10  5  2  2   2   1   1   1   0   1   1   1   0   0   2   1   0   0   0   0
   13    1      2      0    0      1      -1      -1   100 17 25 16 10 11  3  3  4  3   1   1   0   0   1   0   2   0   0   1   0   0   0   0   1   1
   16    1      2      0    0      1      -1      -1   100 14 29  8 16  9  8  6  4  1   1   1   1   1   1   0   0   0   0   0   0   0   0   0   0   0
   19    1      2      0    0      1      -1      -1   100 14 34 17  6 10  0  4  8  3   1   2   0   0   0   0   0   0   0   0   0   0   0   0   0   1
   22    1      2      0    0      1      -1      -1   100 18 40 10 11  5  4  3  2  2   1   1   0   1   1   1   0   0   0   0   0   0   0   0   0   0
   25    1      2      0    0      1      -1      -1   100 21 31  9 14 11  4  3  3  2   1   0   0   0   0   0   1   0   0   0   0   0   0   0   0   0
   28    1      2      0    0      1      -1      -1   100 18 23 20 17  9  3  0  5  1   2   1   0   1   0   0   0   0   0   0   0   0   0   0   0   0
   31    1      2      0    0      1      -1      -1   100 20 33 10 12  6  7  3  4  0   4   1   0   0   0   0   0   0   0   0   0   0   0   0   0   0
   34    1      2      0    0      1      -1      -1   100 25 35 15  2 10  2  2  3  0   4   1   0   0   1   0   0   0   0   0   0   0   0   0   0   0
   37    1      2      0    0      1      -1      -1   100  5 48 13 10  9  2  4  4  0   3   0   1   0   1   0   0   0   0   0   0   0   0   0   0   0
   40    1      2      0    0      1      -1      -1   100 22 29 17  7 15  2  0  5  2   0   0   0   0   1   0   0   0   0   0   0   0   0   0   0   0
   43    1      2      0    0      1      -1      -1   100 25 15 21 10  8  7  4  7  1   0   0   0   2   0   0   0   0   0   0   0   0   0   0   0   0
   46    1      2      0    0      1      -1      -1   100 19 44 11 12  2  8  1  1  1   0   0   0   0   1   0   0   0   0   0   0   0   0   0   0   0
   49    1      2      0    0      1      -1      -1   100 21 22 12 15 11  4  5  0  5   0   2   2   1   0   0   0   0   0   0   0   0   0   0   0   0
0 #_N_MeanSize_at_Age_obs
0 #_N_environ_variables
0 #_N_environ_obs
0 #_N_sizefreq_methods
 #_nbins_per_method
 #_units_per_method
 #_scale_per_method
 #_mincomp_per_method
 #_Nobs_per_method
#_Sizefreq bins
#_sizefreq_bins_list
0 #_do_tags
0 #_morphcomp_data
#
999
