23
15.9
25.7
28.5
23.7
25
33.3
28.2
19.7
17.5
19.3
21.6
23.1
22.5
22.5
23.6
29.1
14.4
13.2
28.4
34.6
37.5
25.9
25.3
4.12535861575127
4.3691946558585
4.01800332896538
3.79795804914017
4.04111957876256
3.64466629943761
3.52164353473802
3.58712354515955
3.73647843291322
3.60086757679072
3.59264384623311
3.65893557774086
3.53572827461976
3.62806731471718
3.5266545990191
3.47072344431077
3.29138251565495
3.60032142713214
3.40352799700044
3.42588999425253
3.15102515796003
3.1072736482869
3.08694315360738
