 10.0112 -0.212034 0.0396792 0.176577 0.185667 0.030603 -0.228899 0.0492128 0.111222 0.0737399 -0.0217795 -0.020159 -0.00533041 -0.00672857 -0.000453392 -0.0257941 -0.0441431 -0.0565121 -0.290343 0.0257457 0.0761842 0.0957107 0.0616385 0.0780008 -0.0852072 -0.399166 -0.245084 -0.110188 -0.0463451 -0.030164 0.0286975 0.08615 0.081762 0.101456 0.108218 0.17726 0.269237
 10.0112 -0.212034 0.0396792 0.176577 0.185667 0.030603 -0.228899 0.0492128 0.111222 0.0737399 -0.0217795 -0.020159 -0.00533041 -0.00672857 -0.000453392 -0.0257941 -0.0441431 -0.0565121 -0.290343 0.0257457 0.0761842 0.0957107 0.0616385 0.0780008 -0.0852072 -0.399166 -0.245084 -0.110188 -0.0463451 -0.030164 0.0286975 0.08615 0.081762 0.101456 0.108218 0.17726 0.269237
 9.99979 -0.237772 0.0456014 0.179898 0.201839 0.0230207 -0.210442 0.0233265 0.0880712 0.0585605 -0.0221028 -0.0259611 -0.00115838 0.00577928 0.0138719 -0.012467 -0.0497379 -0.0557257 -0.321686 0.00481175 0.0771532 0.0964288 0.0829631 0.0459726 -0.0255891 -0.471171 -0.170818 0.00548333 0.0332989 -0.000548707 0.0810277 0.0195161 0.00699352 0.0129123 0.0425034 0.130481 0.269648
 10.1628 -0.232067 0.0139469 0.164715 0.20437 0.0319418 -0.180633 -0.0186845 0.0336644 0.0260062 -0.0472688 -0.0185298 0.0121468 0.0355799 0.0523118 0.048085 0.0320398 0.0378538 -0.230802 -0.0529507 -0.0059835 0.0145386 -0.00852385 0.0218612 0.0664477 -0.257366 0.00888298 0.104781 0.125147 0.0931605 0.135662 0.0618566 -0.0537511 -0.0854472 -0.0735136 -0.051053 0.00322605
 9.84476 -0.208039 0.0541203 0.182688 0.181539 0.0303565 -0.250083 0.0693758 0.143324 0.0881267 0.0166702 0.00170226 -0.00275361 0.0157908 0.0147067 -0.0200886 -0.0696431 -0.077941 -0.359654 0.0513599 0.10014 0.109364 0.0966215 0.0443753 -0.256233 -0.413712 -0.226404 -0.170592 -0.0821439 -0.038521 0.00393237 -0.00599407 0.0906305 0.0995282 0.131414 0.204871 0.406595
 9.75434 -0.314643 0.00606661 0.16009 0.198276 0.0602914 -0.122332 -0.0232069 0.0819285 0.0545465 0.0322739 0.0430736 0.0823318 0.0997889 0.150605 0.150724 0.145853 0.188308 -0.223385 -0.0648856 -0.0182445 -0.0251799 -0.0762165 -0.173193 -0.464361 0.0165545 0.111046 0.230807 0.228643 0.144135 0.131943 -0.0102905 -0.0740798 -0.0984711 -0.206869 -0.250683 -0.224782
 9.70091 -0.315927 -0.0104815 0.168021 0.217868 0.0806943 -0.13987 -0.014469 0.0705822 0.0592233 0.00174345 0.028519 0.0833274 0.0978775 0.15954 0.164582 0.18002 0.231761 -0.0285088 -0.0744571 -0.0542919 -0.0395772 -0.147225 -0.0933997 -0.692341 -0.00100265 0.226104 0.29286 0.206965 0.115077 0.168231 0.0417824 -0.0746305 -0.1356 -0.234647 -0.306407 -0.286764
 9.74974 -0.259042 0.019561 0.176069 0.207893 0.0634936 -0.207079 0.0113022 0.0956092 0.0714007 0.0104417 0.00756667 0.0540156 0.0549757 0.0941009 0.079189 0.073521 0.0912682 -0.16007 -0.0265764 0.0120375 0.0314856 -0.0343966 -0.00234059 -0.528947 -0.222136 0.033251 0.140754 0.0869162 0.0266935 0.107443 0.0528529 -0.0230914 -0.0379199 -0.0697061 -0.0917062 0.00125125
 9.9075 -0.313631 -0.0188527 0.153885 0.206644 0.0900612 -0.118364 -0.0571282 0.044578 0.026881 -0.0118749 0.0240087 0.0856811 0.111206 0.144211 0.15045 0.18434 0.232097 0.110536 -0.0985953 -0.0821531 -0.10288 -0.180942 -0.110083 -0.528466 0.0873761 0.323983 0.318559 0.258624 0.175135 0.155549 0.0174593 -0.0931056 -0.220381 -0.313821 -0.335798 -0.323913
 9.9075 -0.313631 -0.0188527 0.153885 0.206644 0.0900612 -0.118364 -0.0571282 0.044578 0.026881 -0.0118749 0.0240087 0.0856811 0.111206 0.144211 0.15045 0.18434 0.232097 0.110536 -0.0985953 -0.0821531 -0.10288 -0.180942 -0.110083 -0.528466 0.0873761 0.323983 0.318559 0.258624 0.175135 0.155549 0.0174593 -0.0931056 -0.220381 -0.313821 -0.335798 -0.323913
 9.76666 -0.283839 -0.0130886 0.158703 0.191821 0.0661045 -0.120631 -0.00881044 0.0785558 0.0551741 -0.00840124 0.0567218 0.0981199 0.116591 0.135858 0.134665 0.141616 0.203937 -0.14444 -0.0395478 -0.0134767 -0.00975735 -0.0939248 -0.144127 -0.608947 -0.0865589 0.154961 0.232776 0.219749 0.154319 0.184336 0.0173893 -0.143256 -0.161617 -0.200498 -0.206479 -0.160524
 9.67879 -0.282818 0.00470731 0.168824 0.198039 0.0469416 -0.141066 0.0411181 0.111863 0.0833674 0.0321464 0.00922601 0.088229 0.0831569 0.104879 0.0978316 0.112536 0.113982 -0.417659 -0.0163863 0.0292427 0.0129782 0.0141762 -0.205701 -0.361601 -0.127125 0.0713476 0.0914342 0.0715324 0.0525639 0.0705657 0.124132 -0.0247543 -0.115625 -0.111949 -0.0867484 -0.0337616
 9.72017 -0.252622 0.0124974 0.173049 0.195974 0.0369008 -0.170085 0.0622116 0.123596 0.0900629 0.0279074 0.00461916 0.0768486 0.0569725 0.0673755 0.051504 0.0598631 0.0525666 -0.56285 0.00412336 0.0482941 0.048458 0.0596232 -0.0661107 -0.273738 -0.226491 -0.022285 0.00519926 0.00405221 0.0265874 0.0271135 0.0960779 -0.0243467 -0.0507386 -0.0265332 0.0473721 0.121768
 9.82433 -0.205962 0.0433682 0.185069 0.193616 0.00723717 -0.22353 0.066361 0.120592 0.0825305 -0.0069088 -0.00334086 0.0285652 0.0249186 0.0141359 -0.0218679 -0.024968 -0.0327692 -0.592369 0.0204776 0.0888258 0.111941 0.0352687 0.135217 -0.118056 -0.476731 -0.212909 0.0147278 0.00534214 -0.0285364 0.0760918 0.0290603 -0.0167666 0.0196328 0.0709763 0.176392 0.340923
 9.81502 -0.185437 0.0424759 0.179497 0.190697 -0.00292247 -0.225528 0.0758542 0.123395 0.0939973 -0.0137756 0.00230236 0.0354617 0.0195847 0.0165948 -0.0188596 -0.0254122 -0.0422242 -0.620999 0.0277801 0.103959 0.129356 0.0533649 0.162218 -0.189696 -0.498151 -0.23109 -0.0100567 -0.00704058 -0.026183 0.0824719 0.0152212 0.00378684 0.044619 0.0933748 0.186845 0.347131
 9.86999 -0.150809 0.0329994 0.166451 0.172929 0.00487204 -0.228571 0.06732 0.108026 0.086203 -0.0142124 0.0209668 0.0377174 0.0337595 0.0343651 -0.0147063 -0.0603945 -0.0856248 -0.779853 0.0520028 0.102501 0.13613 0.00123363 0.170723 -0.0102649 -0.480045 -0.23683 -0.00495825 0.0339774 0.00650558 0.0800319 -0.0246421 -0.0365302 0.0364318 0.0414641 0.18272 0.401159
 9.75574 -0.175205 0.0292939 0.165666 0.177846 0.0086851 -0.208539 0.0604979 0.123643 0.0913412 0.0134493 0.0510456 0.0590919 0.049717 0.0502657 0.00758389 -0.0165256 -0.0367618 -0.726606 0.0336803 0.0934724 0.140303 -0.004628 0.0775764 -0.166743 -0.456 -0.162678 0.0772493 0.0559386 0.0315894 0.0833537 -0.0369653 -0.0993576 0.0208014 0.0348545 0.15633 0.335804
 9.85814 -0.176512 0.0504462 0.172697 0.180831 -0.0052797 -0.22591 0.0747235 0.129737 0.0842792 -0.00660319 0.018485 0.0223084 0.0116565 -0.0109309 -0.0561086 -0.0866257 -0.126219 -0.715097 0.0576862 0.119235 0.171086 0.0958658 0.0765237 0.0382012 -0.617737 -0.275743 -0.0377022 -0.0358986 -0.0440779 0.0746815 -0.0146126 -0.0169314 0.0686477 0.143995 0.290779 0.496625
 9.86942 -0.254455 0.0673377 0.20101 0.207537 0.0184635 -0.24379 0.0408766 0.117872 0.0871013 -0.00937714 0.00260703 0.00474803 -0.0158731 -0.0252991 -0.0749792 -0.106281 -0.143137 -0.460808 0.0238197 0.0946181 0.136854 0.118813 0.0802836 0.0892119 -0.58154 -0.299112 -0.0860143 -0.0635195 -0.0780923 0.00476269 -0.0262411 0.0175609 0.0993932 0.15759 0.325777 0.51364
 9.83786 -0.287065 0.0408212 0.185036 0.209025 0.039096 -0.191107 0.00338174 0.0994513 0.0749324 -0.00329622 0.0133573 0.0370215 0.0326649 0.0447524 0.0160367 0.0026338 -0.00697018 -0.409774 -0.0137525 0.0395832 0.0625033 0.0381361 -0.0245377 -0.0545827 -0.325557 -0.116444 0.0828548 0.0599033 0.0201644 0.0428473 -0.0381307 -0.046721 -0.00472026 0.00494848 0.0772578 0.195744
 9.95862 -0.233795 0.0407792 0.181725 0.193716 0.0250081 -0.211005 0.0407204 0.103594 0.0733654 -0.0086554 -0.0218129 0.0034738 0.00516009 0.0144046 -0.0213819 -0.0618549 -0.0350741 -0.498006 0.0255542 0.0798687 0.11633 0.11325 0.118585 -0.0869868 -0.476719 -0.234302 -0.0720361 0.00994273 -0.0206622 0.022618 0.0611786 0.0434964 0.0503765 0.0878179 0.167693 0.341168
 9.76932 -0.285409 -0.009057 0.153827 0.196496 0.0611956 -0.120568 -0.0238244 0.0702723 0.0636418 0.0130163 0.0448981 0.0898375 0.126874 0.160825 0.171613 0.189176 0.173172 -0.165264 -0.0646328 -0.0451779 -0.0357759 -0.132986 -0.26146 -0.3716 0.0741352 0.231172 0.276701 0.247726 0.126559 0.110895 0.0604365 -0.100174 -0.141396 -0.285569 -0.278719 -0.31129
 10 -0.213481 0.0264125 0.164332 0.192908 0.0423134 -0.208412 0.00944251 0.0752265 0.0496266 -0.0291564 -0.020228 -0.00787383 0.0259073 0.0438735 0.0400467 0.0318552 0.014747 -0.170493 0.0342586 0.0361136 0.0556305 0.0635617 0.00838196 -0.286637 -0.297506 -0.104744 0.00643573 0.0473451 0.0676306 0.112119 0.0705639 0.0122466 0.0276414 -0.0170248 0.019136 0.057731
 9.97162 -0.301427 -0.0138199 0.149779 0.199275 0.0897525 -0.123836 -0.0510489 0.041487 0.04517 0.000162338 0.0300932 0.0485823 0.0814904 0.126052 0.143696 0.150142 0.1928 0.0864247 -0.0662772 -0.0724474 -0.0822341 -0.124088 -0.128578 -0.441587 0.0697413 0.21417 0.261476 0.225148 0.168194 0.0919526 -0.054414 -0.12755 -0.125859 -0.204071 -0.252663 -0.26372
 9.94056 -0.231379 0.0482768 0.170866 0.192176 0.0350008 -0.215752 0.055456 0.116979 0.0922814 0.00299535 0.00879377 0.002477 -0.019248 -0.0134522 -0.0352858 -0.0473983 -0.0672231 -0.345278 0.040912 0.0987577 0.109912 0.0811971 0.0571857 -0.12717 -0.501185 -0.284532 -0.125828 -0.0215668 -0.0533177 0.00259547 0.0450684 0.0517697 0.126017 0.153352 0.212311 0.363505
 9.9702 -0.257122 0.0618291 0.178612 0.183856 0.0219458 -0.193474 0.0282833 0.09215 0.0576601 -0.0299306 0.000871256 0.0205039 0.000697793 -0.0030972 -0.0292629 -0.0906839 -0.10093 -0.0551099 0.0239134 0.0788602 0.132714 0.0739692 0.104322 -0.321871 -0.540152 -0.249623 -0.0921603 0.0025711 0.0357205 0.0697805 0.0552525 -0.0113816 0.0232743 0.0803193 0.205613 0.404682
 9.9702 -0.257122 0.0618291 0.178612 0.183856 0.0219458 -0.193474 0.0282833 0.09215 0.0576601 -0.0299306 0.000871256 0.0205039 0.000697793 -0.0030972 -0.0292629 -0.0906839 -0.10093 -0.0551099 0.0239134 0.0788602 0.132714 0.0739692 0.104322 -0.321871 -0.540152 -0.249623 -0.0921603 0.0025711 0.0357205 0.0697805 0.0552525 -0.0113816 0.0232743 0.0803193 0.205613 0.404682
 9.85018 -0.255706 0.0296448 0.181188 0.196409 0.0396267 -0.189171 0.0548371 0.103943 0.0807976 -0.00342333 0.0100859 0.0310287 0.0349626 0.0393576 -0.0087081 -0.0347611 -0.0585186 -0.364278 0.0181773 0.0758005 0.114885 0.023269 0.00887818 -0.105491 -0.456984 -0.161955 0.0104599 0.0246397 -0.0240299 0.0445214 0.00642519 -0.0427299 0.0119771 0.072557 0.125533 0.383326
 10.1662 -0.211815 0.0589277 0.18628 0.195442 0.0197314 -0.253005 0.00916736 0.0588463 0.0314154 -0.0527363 -0.0356443 -0.00509297 -0.0329738 -0.0159549 -0.0373356 -0.0691896 -0.102769 -0.0972156 0.00935039 0.0916231 0.102532 0.0727153 0.0905659 -0.0447215 -0.577808 -0.329363 -0.0481652 0.0220963 0.0294335 0.14997 0.0409486 0.0436963 0.0290265 0.0513558 0.166539 0.344271
 10.0515 -0.293075 0.0335077 0.180137 0.217246 0.0485347 -0.194507 -0.0342602 0.0510327 0.0363898 -0.0631357 -0.00693827 0.00855715 0.0165865 0.0547286 0.0529265 0.0295252 0.0422685 -0.249007 -0.0309736 0.00255045 0.0121954 -0.00415397 0.040888 0.0324973 -0.251631 -0.0527027 0.112745 0.122721 0.0582429 0.166436 0.0788458 -0.0448556 -0.0501101 -0.0737463 -0.0886738 0.00142851
 10.0161 -0.30202 0.0345561 0.178782 0.217647 0.04887 -0.184139 -0.0306126 0.0539022 0.0374796 -0.057832 -0.00447927 0.0162826 0.0235727 0.0582439 0.0608918 0.0358499 0.0456085 -0.267656 -0.0220134 0.00589448 0.0139933 0.00393253 0.0318845 -0.0178926 -0.257118 -0.0568204 0.129769 0.117544 0.0667147 0.166005 0.0663009 -0.0403633 -0.0484356 -0.0690605 -0.0856982 -0.00604879
 9.90505 -0.299619 0.0333793 0.177091 0.213755 0.0457107 -0.178392 -0.00633171 0.06251 0.0504913 -0.0610249 0.00150912 0.037377 0.0600265 0.0826482 0.0853666 0.0840407 0.0619859 -0.262157 -0.0183501 0.0145999 0.00194879 0.00389304 0.0682231 -0.288328 -0.212048 -0.0205965 0.135586 0.146072 0.0992436 0.182464 0.130358 -0.0530434 -0.100838 -0.12325 -0.13386 -0.0697306
 9.89697 -0.316936 0.0213573 0.172117 0.2218 0.0560187 -0.164207 -0.0211378 0.0572436 0.0420401 -0.0510462 -0.0125004 0.028603 0.0734974 0.108347 0.123769 0.13251 0.136827 -0.206441 -0.043893 -0.0297305 -0.0312494 -0.0256881 0.0495553 -0.345714 -0.0954414 0.0897655 0.172493 0.1884 0.128725 0.179135 0.145549 -0.0685477 -0.119971 -0.186143 -0.226027 -0.222065
 9.9397 -0.319454 -0.0128851 0.167237 0.216151 0.0597634 -0.117621 -0.0443824 0.0272922 0.0263919 -0.0256699 -0.0126245 0.048053 0.0878554 0.165339 0.175889 0.185949 0.218055 0.0607838 -0.114916 -0.0857351 -0.0837189 -0.138453 -0.175287 -0.330121 0.0731101 0.27286 0.262899 0.257661 0.145729 0.163157 0.11468 -0.0443206 -0.15029 -0.29135 -0.432081 -0.445367
 9.86284 -0.334981 -0.0242005 0.159048 0.215933 0.0751918 -0.0958079 -0.0671079 0.0475193 0.0445419 -0.00944155 0.00521992 0.0761687 0.12133 0.199659 0.215651 0.240745 0.27652 0.0432184 -0.126371 -0.113015 -0.112719 -0.198794 -0.242624 -0.416928 0.20838 0.417861 0.3683 0.259594 0.135574 0.148837 0.0972666 -0.0951885 -0.196849 -0.356856 -0.496447 -0.547844
 9.97107 -0.288256 -0.00409572 0.168362 0.212333 0.0502313 -0.140668 -0.0558024 0.0508822 0.0435339 -0.021926 -0.0218679 0.0383843 0.0893346 0.13509 0.135434 0.160029 0.184438 0.0914625 -0.104414 -0.0662511 -0.0544128 -0.103291 -0.14022 -0.372627 0.0160206 0.210874 0.279201 0.186799 0.0894257 0.14357 0.101194 -0.0362215 -0.132993 -0.261729 -0.305913 -0.348099
 9.98596 -0.297815 -0.00393077 0.167709 0.210303 0.0476886 -0.127063 -0.055809 0.0476765 0.0398115 -0.0225447 -0.0174827 0.041564 0.0878415 0.12996 0.137136 0.157169 0.185232 0.175707 -0.113204 -0.0736902 -0.0512345 -0.105837 -0.146826 -0.438173 0.0161942 0.210286 0.298033 0.18964 0.0930016 0.151161 0.0993522 -0.0509742 -0.140572 -0.263263 -0.311531 -0.344322
 9.96874 -0.22755 0.0355586 0.189401 0.206789 0.0258815 -0.228414 0.0243196 0.102372 0.0738715 -0.0227943 -0.0320517 -0.00373062 0.000754714 0.0166043 -0.00683548 -0.0312679 -0.0377838 -0.0654662 -0.00942266 0.0456732 0.0895769 0.0984923 0.107192 -0.366351 -0.385041 -0.153346 -0.0022234 -0.0393138 -0.0677862 0.0457165 0.150222 0.0394657 0.0599378 0.029094 0.101451 0.161323
 9.96324 -0.295709 -0.0200907 0.149431 0.205694 0.0740909 -0.114682 -0.0654566 0.0287167 0.0134053 -0.0104275 0.0259971 0.083698 0.112962 0.164038 0.170662 0.200654 0.256857 -0.0183942 -0.0987102 -0.0500153 -0.0602241 -0.183584 -0.140931 -0.473972 0.0222131 0.222794 0.367247 0.296247 0.244617 0.199084 0.0469376 -0.124605 -0.187089 -0.244001 -0.39483 -0.433357
 10.003 -0.24785 0.0206156 0.157421 0.192356 0.0395802 -0.170158 -0.00438234 0.0537474 0.026604 -0.00322656 -0.0107775 0.036186 0.0562827 0.0686831 0.0769379 0.0509503 0.0616161 0.0503636 -0.00978355 0.0269097 0.0452363 -0.0387905 0.0759691 -0.623152 -0.252364 -0.0630712 0.0763125 0.138199 0.15437 0.15656 0.0672287 0.0113913 -0.051961 -0.0941779 -0.0974304 -0.0431011
 9.96704 -0.253047 0.015389 0.162271 0.195771 0.0358576 -0.16116 0.00116125 0.060639 0.0278859 0.00220911 0.0174205 0.0489054 0.0662148 0.0919383 0.0862782 0.0663222 0.0667865 0.0128605 -0.0289537 -0.00600563 0.00587837 -0.0811602 0.004046 -0.498323 -0.140555 0.019661 0.100194 0.136575 0.155289 0.138939 0.0384239 -0.0220479 -0.0860763 -0.160496 -0.13273 -0.0928996
 9.98039 -0.33352 -0.013234 0.153226 0.208203 0.0706435 -0.0976151 -0.0569178 0.0523801 0.0225549 0.00556297 0.0040772 0.0558884 0.107827 0.160834 0.188497 0.184758 0.224825 0.333104 -0.113418 -0.101709 -0.0875046 -0.231264 -0.232731 -0.565525 0.132554 0.306573 0.290797 0.232889 0.173644 0.144776 0.0844314 -0.0550228 -0.197649 -0.307508 -0.423522 -0.399279
 9.92307 -0.290858 -0.00027832 0.156592 0.200145 0.0570688 -0.134077 -0.00635508 0.0733917 0.0488204 0.0164235 0.00765386 0.0517516 0.0898717 0.123088 0.136635 0.128771 0.144042 0.00605016 -0.0608515 -0.0295308 -0.0209319 -0.14078 -0.118888 -0.486981 -0.00990049 0.15066 0.184863 0.179814 0.118526 0.074592 0.0793788 -0.0203838 -0.12684 -0.185586 -0.253375 -0.182971
 10.0722 -0.312745 -0.0190947 0.149083 0.215035 0.0811041 -0.119275 -0.0717195 0.0155149 0.00920797 -0.0104174 0.00320861 0.0700181 0.115454 0.166736 0.194452 0.217283 0.27406 0.269394 -0.120107 -0.11315 -0.125558 -0.237981 -0.147371 -0.564322 0.188713 0.371503 0.381717 0.33802 0.212074 0.114851 0.0919938 -0.0741968 -0.251375 -0.368895 -0.477444 -0.523068
 10.0722 -0.312745 -0.0190947 0.149083 0.215035 0.0811041 -0.119275 -0.0717195 0.0155149 0.00920797 -0.0104174 0.00320861 0.0700181 0.115454 0.166736 0.194452 0.217283 0.27406 0.269394 -0.120107 -0.11315 -0.125558 -0.237981 -0.147371 -0.564322 0.188713 0.371503 0.381717 0.33802 0.212074 0.114851 0.0919938 -0.0741968 -0.251375 -0.368895 -0.477444 -0.523068
 9.92497 -0.302716 -0.0278687 0.142944 0.204785 0.0965042 -0.121733 -0.0516419 0.0428148 0.060553 0.00234675 0.0206208 0.0820412 0.125441 0.182019 0.210687 0.244965 0.29725 0.12077 -0.0942469 -0.0714233 -0.110542 -0.245192 -0.1804 -0.706862 0.170099 0.313567 0.339736 0.296895 0.177399 0.0897101 0.0887013 -0.0353034 -0.206878 -0.343847 -0.442646 -0.497234
 10.0743 -0.356513 -0.0103007 0.156059 0.215659 0.0944326 -0.105753 -0.0788064 0.0143216 0.0114114 -0.0304432 -0.0037214 0.0484657 0.101668 0.131152 0.179746 0.196882 0.204318 0.172604 -0.136577 -0.0997625 -0.115349 -0.155319 -0.169979 -0.265231 0.162248 0.248099 0.382811 0.310038 0.206479 0.148805 -0.00754474 -0.138963 -0.208465 -0.262786 -0.391679 -0.492308
 10.0905 -0.36249 -0.0163254 0.150498 0.21134 0.100437 -0.0920563 -0.0843339 0.0160174 0.020114 -0.0286874 -0.00199957 0.059167 0.115153 0.146938 0.198798 0.218771 0.241557 0.27589 -0.157662 -0.120538 -0.143272 -0.213156 -0.254684 -0.28349 0.25606 0.34674 0.431544 0.305358 0.195571 0.133933 0.0014973 -0.177145 -0.239908 -0.297678 -0.448627 -0.555104
 9.9437 -0.309713 0.00705648 0.173787 0.205079 0.0699348 -0.158538 -0.0305142 0.0480399 0.0307162 -0.0512247 -0.00713349 0.070184 0.100738 0.132349 0.128236 0.115978 0.159442 -0.0862878 -0.0957743 -0.0410269 -0.0407807 -0.0933928 -0.14851 -0.192343 0.0294044 0.179906 0.208986 0.232957 0.168307 0.114505 0.0660079 -0.072129 -0.164515 -0.276338 -0.261484 -0.21703
 9.92542 -0.310321 0.0068109 0.17642 0.212148 0.0742613 -0.166962 -0.0332452 0.040728 0.0248972 -0.0488916 -0.0107787 0.0621328 0.106018 0.145361 0.142255 0.134018 0.175699 -0.103734 -0.0888081 -0.0612893 -0.0558142 -0.0954189 -0.132566 -0.195454 0.0634896 0.211547 0.23679 0.219188 0.198349 0.14986 0.0734216 -0.0579162 -0.165657 -0.320723 -0.324931 -0.276401
 10.0742 -0.268348 0.0286506 0.176908 0.196374 0.0443775 -0.185826 -0.00331713 0.07028 0.0408891 -0.0342344 -0.0387339 0.0239077 0.0464277 0.0743185 0.0473826 0.0247901 0.0432749 -0.0983784 -0.0380473 0.00257245 0.0229116 0.0102334 -0.0613459 -0.116041 -0.199678 0.00673915 0.0668637 0.086346 0.0703426 0.0844889 0.0822657 0.0435818 -0.0607648 -0.114403 -0.0678317 0.0136802
 10.0327 -0.336677 -0.00809673 0.1565 0.223539 0.0946221 -0.132886 -0.0794699 0.00180016 0.00421569 -0.0584387 -0.00042646 0.0508316 0.111079 0.163197 0.184807 0.214812 0.275216 0.0854174 -0.135127 -0.1014 -0.165612 -0.164928 -0.132907 -0.257347 0.211859 0.25508 0.342024 0.331594 0.252543 0.224674 0.0497161 -0.122056 -0.203752 -0.391483 -0.477425 -0.51861
 9.91614 -0.311857 -0.0062673 0.165043 0.218327 0.0744275 -0.142854 -0.0389788 0.03246 0.0314643 -0.0336119 -0.00339219 0.0438127 0.0978633 0.136014 0.156417 0.17686 0.222418 -0.0778416 -0.0816714 -0.0334413 -0.0830904 -0.121871 -0.107777 -0.316309 0.0589117 0.160488 0.241064 0.278829 0.198651 0.229639 0.0339717 -0.116213 -0.130768 -0.280118 -0.35988 -0.370816
 10.1612 -0.357797 -0.0577371 0.152433 0.210759 0.111191 -0.0669465 -0.105496 -0.0132534 0.00422747 -0.0453976 0.000119155 0.0700137 0.122354 0.182053 0.19932 0.246666 0.336688 0.349486 -0.147382 -0.145717 -0.18359 -0.229003 -0.231841 -0.400551 0.341916 0.440972 0.384395 0.375064 0.240215 0.157839 -0.0272824 -0.152323 -0.301124 -0.409309 -0.522023 -0.597868
 9.81716 -0.320328 -0.00380726 0.153732 0.209977 0.0671665 -0.110987 -0.0316123 0.0581446 0.0448801 -0.0315787 0.0420849 0.0942603 0.127798 0.161462 0.171608 0.203936 0.239366 -0.215874 -0.0746985 -0.0305109 -0.0635952 -0.177299 -0.26732 -0.258942 0.168363 0.178947 0.300644 0.277004 0.206789 0.138208 0.0855516 -0.133566 -0.230172 -0.297393 -0.372881 -0.364582
 9.89318 -0.351759 0.0026152 0.154229 0.217648 0.0726789 -0.10051 -0.0601167 0.0295496 0.0198216 -0.0336669 0.0346294 0.0762936 0.101247 0.168289 0.182675 0.203867 0.208372 0.0700069 -0.0955095 -0.0636052 -0.107838 -0.199668 -0.270639 -0.283047 0.21974 0.212799 0.334197 0.293371 0.233166 0.148255 0.0415652 -0.103242 -0.213535 -0.323818 -0.420598 -0.439133
 9.85925 -0.367601 0.00528202 0.16237 0.221618 0.0789479 -0.108133 -0.0468239 0.0366541 0.0320982 -0.0262533 0.0457537 0.0776856 0.0966326 0.153964 0.163363 0.18032 0.208905 0.122366 -0.0919569 -0.0598302 -0.102767 -0.205951 -0.245091 -0.3586 0.205567 0.207827 0.304419 0.266321 0.191364 0.126436 0.0287713 -0.123728 -0.201827 -0.297745 -0.362403 -0.368343
 9.86279 -0.349624 0.00128624 0.161596 0.22065 0.0791224 -0.124517 -0.0478725 0.0522502 0.0451082 -0.0151042 0.0412261 0.066384 0.0970293 0.142424 0.145155 0.166649 0.200307 0.153027 -0.0885749 -0.0675801 -0.0911891 -0.181736 -0.235731 -0.40354 0.145056 0.198429 0.31408 0.244399 0.164127 0.0972829 -0.032197 -0.100653 -0.16467 -0.2679 -0.311389 -0.299572
 9.78524 -0.358132 -0.00688591 0.166441 0.223575 0.0933401 -0.130912 -0.0378296 0.0647798 0.0524334 -0.00722443 0.0435078 0.0765369 0.100935 0.143095 0.162443 0.183424 0.211069 0.0968656 -0.0776338 -0.0711688 -0.0956287 -0.185973 -0.247417 -0.429808 0.166183 0.241544 0.29725 0.221464 0.18566 0.108574 -0.0343498 -0.124247 -0.162408 -0.247562 -0.332888 -0.322147
 9.89504 -0.327622 -0.0132102 0.145187 0.205351 0.0792086 -0.0966122 -0.0413811 0.0493284 0.0627086 -0.019835 0.0127433 0.0628704 0.118684 0.161238 0.174359 0.209681 0.221896 0.0162892 -0.111153 -0.072669 -0.0875067 -0.221342 -0.155421 -0.406486 0.152145 0.298105 0.281853 0.258587 0.146253 0.086775 0.00571279 -0.040165 -0.155253 -0.298317 -0.373403 -0.383163
 9.99563 -0.228766 0.0355474 0.186749 0.19471 0.0262576 -0.216272 0.0180427 0.0857489 0.0461198 -0.016639 -0.00393848 0.0243961 0.00799706 0.0359494 0.0108733 -0.0103505 -0.027755 -0.212872 0.00493189 0.046299 0.0759729 0.0526597 -0.0212743 -0.0969166 -0.348273 -0.160973 0.0483208 0.0311903 0.0626436 0.112342 0.0903431 -0.0460974 0.00370043 0.00745232 0.0543259 0.147526
 10.0625 -0.264482 0.0216565 0.169595 0.193937 0.0539705 -0.177639 0.00266912 0.0634044 0.0404317 -0.0232698 -0.0118254 0.0361106 0.0253276 0.0695173 0.0545147 0.0346896 0.00747939 -0.0270931 -0.0344341 -2.87273e-005 -0.00717084 -0.057702 -0.0946481 -0.07982 -0.155451 -0.03119 0.104284 0.104154 0.0679929 0.0958761 0.0981872 -0.0931225 -0.0474725 -0.0776198 -0.0723625 0.0161379
 10.0554 -0.235835 0.0347385 0.174682 0.193881 0.0479319 -0.209268 0.0221671 0.07499 0.0596992 -0.0216366 -0.0270251 0.0309472 0.0281226 0.0352211 0.0195593 0.00543838 -0.0330286 -0.232874 -0.0170237 0.0258534 0.0519946 -0.0049892 0.000681213 -0.0204198 -0.287871 -0.102856 0.0496815 0.0287385 0.0216887 0.0889615 0.126569 -0.0587149 -0.0200616 -0.00714519 0.0146022 0.135484
 10.0495 -0.234137 0.0355951 0.174505 0.195025 0.0572173 -0.220577 0.0177964 0.0723704 0.0560729 -0.0223681 -0.0260982 0.0361846 0.0338693 0.0440732 0.0303986 0.0205826 -0.0328484 -0.264435 -0.0231115 0.0163637 0.0410812 -0.00642186 -0.0166942 0.0172285 -0.251202 -0.079433 0.0536166 0.0420751 0.0238847 0.110415 0.120999 -0.0604034 -0.0360694 -0.0320273 -0.0067771 0.106341
 10.0523 -0.201803 0.0297123 0.177267 0.182773 0.00646698 -0.202845 0.03419 0.0867253 0.0599184 -0.0313069 0.00675367 0.0181498 0.00336302 0.0187798 -0.0296988 -0.0545416 -0.0598151 -0.230563 -0.00930233 0.0712621 0.0932657 0.0201519 0.152398 -0.164978 -0.51541 -0.108986 0.0300886 0.002181 0.00555139 0.0850785 -0.0167392 -0.0193826 0.0109 0.0363273 0.143708 0.326797
 10.0275 -0.184409 0.0371257 0.179918 0.179966 0.000417562 -0.220484 0.0564192 0.102421 0.0713668 -0.029921 0.0107539 0.015266 -0.00967152 -0.00195905 -0.0594013 -0.091764 -0.106515 -0.29687 0.0138864 0.105396 0.136205 0.0594562 0.243122 -0.237642 -0.61215 -0.185917 -0.0334416 -0.045271 -0.0336694 0.0654799 0.010225 -0.0247661 0.0541751 0.0950736 0.254933 0.450485
 9.9813 -0.202276 0.0283492 0.177801 0.185637 0.0133481 -0.214672 0.054169 0.10064 0.0637776 -0.0226551 0.0053481 0.0254646 0.00994064 0.0262872 -0.0253639 -0.0394956 -0.0598952 -0.1694 0.00572933 0.0900231 0.100725 0.0432367 0.222906 -0.442356 -0.519151 -0.134851 -0.00450533 0.0104593 0.0179311 0.0764721 0.0553857 -0.0155142 0.00504418 0.0156162 0.151142 0.329503
 10.064 -0.24379 0.00351639 0.164319 0.206593 0.0580234 -0.178547 -0.0354688 0.0656679 0.0407283 -0.0283315 -0.0115125 0.0160253 0.0530166 0.0912722 0.101145 0.100772 0.115302 -0.135685 -0.0760136 -0.0399848 -0.0342578 -0.0914979 -0.164049 0.051295 -0.0552283 0.0495833 0.176379 0.163305 0.100784 0.0738659 0.0452266 -0.0134387 -0.0920826 -0.146512 -0.197615 -0.116006
 9.89343 -0.310746 -0.0236725 0.16292 0.202239 0.073955 -0.12001 -0.0174901 0.0509307 0.0542948 -0.016282 0.023311 0.0757861 0.098218 0.118123 0.138351 0.159049 0.174297 0.0694096 -0.0679868 -0.0502549 -0.03277 -0.1551 -0.0870173 -0.565748 0.0532119 0.240189 0.226191 0.241644 0.157006 0.0710401 0.0279491 -0.170596 -0.0923946 -0.284905 -0.203625 -0.279364
 9.95915 -0.29734 0.00492001 0.161486 0.209524 0.0675847 -0.142758 -0.0208893 0.0580489 0.0428233 -0.0196574 0.00586619 0.0718379 0.107753 0.131759 0.106234 0.138922 0.11321 0.0120472 -0.0648977 -0.0335382 -0.0333802 -0.156892 -0.0659099 -0.443771 0.00701384 0.186901 0.262031 0.178645 0.137991 0.123252 0.0100056 -0.0723536 -0.193438 -0.286609 -0.198554 -0.183901
 10.0792 -0.200699 0.0454308 0.174765 0.185237 0.0057685 -0.21262 0.0617916 0.121053 0.0678006 -0.0144315 -0.0231733 -0.00268862 -0.0169145 -0.012966 -0.0673159 -0.0822866 -0.147678 -0.338912 0.0442035 0.0812046 0.129818 0.0766626 0.0776295 0.02963 -0.524405 -0.229847 -0.143309 -0.0682005 -0.0277419 0.0369539 0.0371819 0.0583778 0.0726292 0.0809086 0.288537 0.389361
 9.98685 -0.364764 -0.0326088 0.148812 0.210237 0.083211 -0.0506482 -0.0851519 0.0369728 0.0397008 -0.0207692 0.0462809 0.0964385 0.125942 0.196619 0.19573 0.231532 0.243308 0.0495709 -0.123713 -0.1216 -0.138161 -0.238548 -0.35334 -0.182911 0.292851 0.389361 0.443074 0.326292 0.198816 0.114648 -0.0234587 -0.195806 -0.279904 -0.332787 -0.416978 -0.52467
 10.1472 -0.280972 0.0157462 0.173451 0.216681 0.0523787 -0.183657 -0.0445497 0.0457672 0.0402371 -0.0634871 -0.0167671 0.00525222 0.0242886 0.0638568 0.0441727 0.0491055 0.0427705 0.139753 -0.0588336 -0.0163805 -0.0275947 -0.07023 0.0308977 -0.175865 -0.124261 0.0607739 0.156561 0.0972369 0.0277802 0.0680734 0.0673437 -0.0260162 -0.0612045 -0.115884 -0.07653 -0.0817358
 9.91936 -0.23109 0.0344033 0.17327 0.178343 0.0367965 -0.195031 0.0513215 0.108026 0.0655692 0.00713682 -0.0103668 0.0219069 0.0292077 0.0252717 0.0230433 -0.0158702 -0.00202513 -0.516635 -0.00256291 0.053885 0.0978214 0.0471977 -0.0546029 0.0437456 -0.394357 -0.203635 -0.0421117 0.0478769 0.0597989 0.0918036 0.0397584 -0.00528256 0.0334553 0.0522073 0.0894146 0.224574
 10.096 -0.265611 0.0386304 0.18131 0.217228 0.0310747 -0.209067 0.00450085 0.073815 0.0604274 -0.0533256 -0.0215305 -0.0180134 0.000509544 0.013346 -0.0182981 -0.0216611 -0.0156531 0.0741959 -0.00839265 0.0194898 0.0387488 0.0065044 0.0836632 -0.199035 -0.327541 -0.0634827 0.0175276 0.0038246 -0.0260508 0.015585 0.0328107 0.0636729 0.0403969 -0.0167474 0.133119 0.125443
 10.0123 -0.228932 0.0319474 0.176025 0.185935 0.0492043 -0.218718 0.0218436 0.082434 0.039365 -0.00537723 -0.028514 0.00793714 0.021282 0.0407973 0.034557 0.00681682 -0.0253313 -0.494412 -0.00779866 0.0589615 0.0729093 0.0473117 0.0362402 0.0604347 -0.364802 -0.194186 0.0551039 0.10321 0.0732082 0.116534 0.0982898 0.00343298 -0.0229341 -0.012523 -0.0175882 0.135982
 10.0123 -0.228932 0.0319474 0.176025 0.185935 0.0492043 -0.218718 0.0218436 0.082434 0.039365 -0.00537723 -0.028514 0.00793714 0.021282 0.0407973 0.034557 0.00681682 -0.0253313 -0.494412 -0.00779866 0.0589615 0.0729093 0.0473117 0.0362402 0.0604347 -0.364802 -0.194186 0.0551039 0.10321 0.0732082 0.116534 0.0982898 0.00343298 -0.0229341 -0.012523 -0.0175882 0.135982
 10.0296 -0.211582 0.0345791 0.169688 0.176994 0.0309651 -0.208215 0.0454932 0.094847 0.0388011 -0.00950869 -0.0299205 0.0244252 0.0128168 0.0357299 0.0153315 -0.0144865 -0.0604344 -0.45635 0.00833724 0.0816993 0.0859211 0.0477292 0.0775791 -0.0378573 -0.378059 -0.244587 -0.0118589 0.0509187 0.0832514 0.113615 0.0916996 -0.000314509 -0.00685408 0.0105549 0.0400285 0.216639
 10.0056 -0.259288 0.0541368 0.184997 0.189883 0.0312263 -0.205431 0.0494392 0.104054 0.0624346 -0.0268507 -0.0289054 0.0114389 0.0253844 0.0276683 -0.0140467 -0.059152 -0.0845684 -0.362583 0.0115191 0.0486478 0.0693612 0.0165392 0.117501 0.0217812 -0.36453 -0.188279 -0.0802177 0.00647917 0.000791126 0.073024 0.093427 0.0233166 0.0266479 0.036791 0.110819 0.281578
 9.9506 -0.292154 -0.0179181 0.171424 0.20318 0.0612684 -0.132156 -0.0254795 0.0578906 0.0398193 -0.0222663 -0.0117904 0.0582226 0.0955262 0.127705 0.106645 0.122591 0.149476 -0.0635482 -0.0676835 -0.0478005 -0.0621071 -0.106354 -0.207898 -0.159071 0.028026 0.147403 0.232628 0.214762 0.109347 0.136006 0.0498311 -0.0858107 -0.16749 -0.25019 -0.220103 -0.215546
 9.97377 -0.321671 -0.032171 0.157255 0.202055 0.0832557 -0.0965395 -0.0592678 0.0358815 0.0248707 -0.0247997 -0.0108331 0.083294 0.132425 0.186873 0.182426 0.220657 0.26046 0.198754 -0.126224 -0.112618 -0.129957 -0.210055 -0.237742 -0.433881 0.236913 0.31854 0.352803 0.303122 0.200084 0.146643 0.0934897 -0.115855 -0.259211 -0.415959 -0.438971 -0.483466
 9.98582 -0.260427 0.0273417 0.187786 0.20365 0.0402286 -0.200168 0.0185506 0.073527 0.0469027 -0.0432306 -0.0487318 0.00868427 0.0271492 0.0508549 0.0380341 0.0353829 0.0416076 0.0686059 -0.0193919 0.0255439 0.0711086 -0.0621593 0.00957099 -0.370896 -0.317037 -0.0678269 0.0214639 0.0690207 0.0345501 0.162903 0.152475 0.0628766 -0.0400937 -0.0301592 -0.0518389 0.0133535
 9.95027 -0.331941 -0.0372056 0.157535 0.220751 0.0951511 -0.105931 -0.104709 0.0114587 -0.000953976 -0.0440189 0.0138599 0.117046 0.146684 0.209874 0.237386 0.255659 0.311208 0.165536 -0.146931 -0.123036 -0.118314 -0.219522 -0.209692 -0.53612 0.240045 0.360922 0.451601 0.394969 0.295774 0.217676 0.0811127 -0.154158 -0.341526 -0.446196 -0.499149 -0.641054
 9.9099 -0.288503 0.0104903 0.153868 0.187881 0.0526359 -0.123866 0.0481509 0.0972966 0.0930019 0.0154404 0.0176793 0.0329975 0.0385119 0.0596926 0.0526522 0.0350267 0.0323076 -0.0756683 0.00957192 0.0571528 0.0393175 -0.0736121 -0.00683993 -0.500016 -0.280302 -0.10853 0.0255883 0.0595627 -0.000624569 0.0961901 0.0330373 -0.0226509 0.00550954 0.00955427 0.0446234 0.135385
 9.97835 -0.22813 0.0317622 0.167634 0.193166 0.0287587 -0.197676 0.0388325 0.0880321 0.0523945 -0.00233623 -0.00658975 0.00852223 0.00813362 0.0183973 0.00833524 -0.015484 -0.0392476 -0.0572884 0.0295036 0.0859 0.0859572 0.0229627 0.0228296 -0.384725 -0.405699 -0.22963 -0.0888938 0.0220765 0.037796 0.102528 0.0494206 0.033939 0.031229 0.0461499 0.154735 0.220176
 9.93553 -0.252174 0.0169883 0.158347 0.19765 0.0457749 -0.171333 0.0157165 0.0768903 0.0471074 0.00457993 0.0162819 0.0328219 0.045911 0.0641966 0.0636682 0.0443903 0.0199875 -0.0442386 -0.00137807 0.0453781 0.0552977 -0.0394074 -0.0519531 -0.430174 -0.298139 -0.0775141 0.0286002 0.106769 0.0875237 0.104194 0.0503002 0.00236429 -0.0530363 -0.0598913 0.03127 0.063373
 9.93559 -0.214063 0.0331674 0.16815 0.194247 0.03316 -0.218082 0.0327153 0.0941757 0.0595082 0.00792323 0.00283433 0.0093429 0.0190279 0.0209432 0.00976729 -0.0221507 -0.0728654 -0.0970212 0.0398109 0.0951479 0.11116 0.0468646 0.0449155 -0.439949 -0.477375 -0.221815 -0.0815594 0.0313106 0.0411449 0.083314 0.0593964 0.0708132 0.03087 0.0288215 0.177084 0.244971
 9.92941 -0.288523 0.00610263 0.157459 0.203342 0.0612932 -0.14775 -0.00505248 0.0772269 0.0492117 0.00357834 0.0145184 0.0277036 0.0506627 0.0887526 0.0899796 0.0888869 0.10366 -0.194908 -0.0296802 -0.0010364 0.00436304 -0.113376 -0.164382 -0.0751562 -0.13668 -0.0116132 0.0619834 0.154405 0.121734 0.0911852 -0.00613352 -0.0060209 -0.0524159 -0.129554 -0.0878176 -0.0163287
 9.91399 -0.341207 -0.0279746 0.140269 0.201554 0.0826853 -0.0638853 -0.0401725 0.0530446 0.0476223 0.000755055 0.0423887 0.0633416 0.109502 0.171639 0.195932 0.216801 0.261007 0.0417716 -0.0921255 -0.0775336 -0.0839037 -0.260414 -0.303049 -0.332349 0.157026 0.253305 0.237857 0.277289 0.200919 0.140271 -0.00190128 -0.0679661 -0.17462 -0.31941 -0.348466 -0.359125
 10.1139 -0.267296 0.021477 0.163803 0.197145 0.0555226 -0.174389 -0.00104438 0.0627621 0.0292968 -0.0262035 -0.0114614 -0.00481142 0.00347421 0.0363266 0.0299522 0.0174716 0.0208573 -0.0309695 -0.0460127 0.0156881 0.0145577 -0.090782 -0.0687303 0.068693 -0.244538 -0.091088 -0.0261138 0.0762194 0.101839 0.0751285 0.00696167 0.0572026 -0.0171356 -0.0264221 0.014663 0.120418
 9.9898 -0.233847 0.0252251 0.167722 0.190316 0.0299176 -0.183892 0.0347369 0.0983389 0.0596148 -0.00767247 0.00220416 0.0152815 0.0193152 0.0445598 0.0166037 0.0149443 -0.0163435 -0.162318 -0.00983396 0.0307239 0.0385574 -0.0848141 -0.127243 0.0499356 -0.2744 -0.101169 -0.103829 0.023876 0.0366589 0.060911 0.0240408 0.0573828 0.00385175 0.0250878 0.0676231 0.200397
 9.90171 -0.259624 -0.0145192 0.156565 0.206963 0.0605988 -0.151767 -0.0153241 0.0444641 0.0313961 -0.0254026 0.030444 0.0591346 0.104082 0.155554 0.152879 0.173078 0.181017 -0.126906 -0.0894055 -0.0602349 -0.0454167 -0.168399 -0.173437 -0.210702 0.00870016 0.214736 0.219496 0.239443 0.222197 0.171151 0.0366483 -0.065324 -0.14206 -0.289729 -0.323908 -0.277905
 9.9075 -0.27209 -0.000658353 0.159018 0.18052 0.0500512 -0.122793 0.0144586 0.0870697 0.0764631 -0.00586525 0.0203611 0.0545431 0.0783033 0.0911765 0.0725752 0.0764094 0.0939701 -0.260135 -0.0200803 0.0281074 0.00839338 -0.0374538 -0.0770082 -0.325994 -0.120593 0.00242041 0.133464 0.122765 0.0452171 0.0329653 0.00594105 -0.0614526 -0.02523 -0.0895894 -0.0439178 -0.0240815
 9.85836 -0.2765 -0.00250535 0.156183 0.180308 0.0512012 -0.115773 0.0128262 0.0883157 0.0789105 0.00198711 0.0281393 0.0664873 0.0920777 0.110769 0.0947794 0.0982008 0.119934 -0.262309 -0.0197359 0.0278107 0.00386635 -0.0358128 -0.110346 -0.419135 -0.0890171 0.0223799 0.150777 0.148384 0.0622396 0.0612504 0.00902291 -0.0640306 -0.0444369 -0.119359 -0.0899691 -0.0637009
 10.0483 -0.2726 0.0114675 0.173324 0.189755 0.037578 -0.150592 -0.000828698 0.0648386 0.0536353 -0.0394017 -0.0163756 0.028755 0.0453596 0.0588111 0.0536317 0.0280384 0.050993 -0.0898749 -0.053509 0.0270715 0.0169818 -0.00551109 0.101029 -0.336322 -0.239607 -0.0634932 0.1241 0.0807805 0.039281 0.084632 0.0962999 -0.0653864 -0.0308893 -0.0614925 -0.0392493 0.0361975
 10.0576 -0.223342 0.0320854 0.170301 0.178188 0.017371 -0.178506 0.0659309 0.113067 0.0952131 -0.00118151 -0.00268915 -0.00624448 -0.00901529 0.00186364 -0.0218898 -0.0819321 -0.0843858 -0.326227 0.0147333 0.0804496 0.0988105 0.0765499 0.117763 -0.13241 -0.428632 -0.215603 -0.10538 -0.101128 -0.0892899 -0.00148837 0.0935344 0.018439 0.0969129 0.13238 0.207393 0.405283
 9.9188 -0.320197 -0.0016662 0.155589 0.211426 0.0957219 -0.14786 -0.0763447 0.0295547 0.0235519 -0.0370206 0.000961813 0.093045 0.126298 0.174397 0.204034 0.211166 0.252667 -0.0301718 -0.106175 -0.0808444 -0.106465 -0.201377 -0.356933 -0.14714 0.171971 0.327349 0.4212 0.335335 0.21739 0.153314 0.044048 -0.0735263 -0.245931 -0.422073 -0.473933 -0.521477
 10.0966 -0.306759 -0.017563 0.160453 0.218765 0.117821 -0.171135 -0.0796512 -0.0116596 0.000211034 -0.0633119 -0.0222397 0.0552447 0.108726 0.179165 0.209821 0.252232 0.266852 0.202424 -0.137955 -0.139824 -0.148093 -0.168409 -0.134228 -0.363532 0.199684 0.382077 0.457233 0.313923 0.293148 0.193969 0.0461223 -0.134941 -0.222846 -0.408435 -0.561095 -0.599296
 9.8349 -0.318155 -0.0174139 0.157652 0.206397 0.0491178 -0.0845089 -0.0369732 0.0634771 0.0537723 -0.00196979 0.0374968 0.0882598 0.120026 0.16238 0.17997 0.207853 0.238336 0.00518363 -0.0683953 -0.0627526 -0.0747701 -0.147415 -0.177995 -0.651588 0.110093 0.285218 0.40477 0.214979 0.173425 0.149329 0.0187804 -0.201891 -0.175982 -0.307463 -0.319481 -0.418172
 9.93999 -0.343565 -0.0321872 0.152122 0.204626 0.0772483 -0.0618785 -0.0640273 0.0440833 0.0450767 -0.0233989 0.0279645 0.0947287 0.133811 0.187461 0.208059 0.240241 0.279022 0.0827464 -0.101747 -0.107079 -0.133964 -0.207062 -0.217116 -0.566788 0.233834 0.386033 0.49019 0.302669 0.19737 0.148108 0.0308642 -0.19087 -0.2589 -0.405276 -0.449609 -0.543679
