#Bering sea snow crab model
#start year end year
1978  2016
# nlen number of intial recruitments to estimate for initial length comp
  15
# nlen number of length bins males and females to read for observed length comps
  22
#number of years of retained fishery data
38
#years for fishery data these years are the survey years (fishery year-1)
1978 1979 1980 1981 1982 1983 1984 1985 1986 1987 1988 1989 1990 1991 1992 1993 1994 1995 1996 1997 1998 1999 2000 2001 2002 2003 2004 2005 2006 2007 2008 2009 2010 2011 2012 2013 2014 2015
#nsamples weight for retained fishery length comps needmatrix each year and new, old shell - last three years 
 200 200 200 200 200 200 200 200 200 200 200 200 200 200 200 200 200 200 200 200 200 200 200 200 200 200 200 200 200 200 200 200 200 200 200 200 200 200
 200 200 200 200 200 200 200 200 200 200 200 200 200 200 200 200 200 200 200 200 200 200 200 200 200 200 200 200 200 200 200 200 200 200 200 200 200 200
#number of years of fishery discard catch data
21
#years when have fishery female discard data
1995 1996 1997 1998 1999 2000 2001 2002 2003 2004 2005 2006 2007 2008 2009 2010 2011 2012 2013 2014 2015
#nsamples weight for fishery female length comps each year
 200 200 200 200 200 200 200 200 200 200 200 200 200 200 200 200 200 200 200 200 200
#number of years of fishery male discard catch data
24
#years when have fishery discard length data (these are the survey years)
1992 1993 1994 1995 1996 1997 1998 1999 2000 2001 2002 2003 2004 2005 2006 2007 2008 2009 2010 2011 2012 2013 2014 2015
#nsamples weight for fish length comps need matrix each year and new/old shell
 200 200 200 200 200 200 200 200 200 200 200 200 200 200 200 200 200 200 200 200 200 200 200 200
 200 200 200 200 200 200 200 200 200 200 200 200 200 200 200 200 200 200 200 200 200 200 200 200
#number of years of trawl discard length data
 25
# years when have trawl bycatch length data
 1991 1992 1993 1994 1995 1996 1997 1998 1999 2000 2001 2002 2003 2004 2005 2006 2007 2008 2009 2010 2011 2012 2013 2014 2015
#sample sizes trawl length data
200 200 200 200 200 200 200 200 200 200 200 200 200 200 200 200 200 200 200 200 200 200 200 200 200
200 200 200 200 200 200 200 200 200 200 200 200 200 200 200 200 200 200 200 200 200 200 200 200 200
# number of years of survey data
39
# years for survey data
1978 1979 1980 1981 1982 1983 1984 1985 1986 1987 1988 1989 1990 1991 1992 1993 1994 1995 1996 1997 1998 1999 2000 2001 2002 2003 2004 2005 2006 2007 2008 2009 2010 2011 2012 2013 2014 2015 2016
#number of years of survey length data
39
#years when have length data
1978 1979 1980 1981 1982 1983 1984 1985 1986 1987 1988 1989 1990 1991 1992 1993 1994 1995 1996 1997 1998 1999 2000 2001 2002 2003 2004 2005 2006 2007 2008 2009 2010 2011 2012 2013 2014 2015 2016
#number of samples for each length comp by sex, shell cond,mature immature
#tried both of the next two lines, but did not result in improved fits
#put in larger sample size for initial size comps to help fit the initial numbers parameters better
200 200 200 200 200 200 200 200 200 200 200 200 200 200 200 200 200 200 200 200 200 200 200 200 200 200 200 200 200 200 200 200 200 200 200 200 200 200 200
200 200 200 200 200 200 200 200 200 200 200 200 200 200 200 200 200 200 200 200 200 200 200 200 200 200 200 200 200 200 200 200 200 200 200 200 200 200 200
200 200 200 200 200 200 200 200 200 200 200 200 200 200 200 200 200 200 200 200 200 200 200 200 200 200 200 200 200 200 200 200 200 200 200 200 200 200 200
200 200 200 200 200 200 200 200 200 200 200 200 200 200 200 200 200 200 200 200 200 200 200 200 200 200 200 200 200 200 200 200 200 200 200 200 200 200 200
200 200 200 200 200 200 200 200 200 200 200 200 200 200 200 200 200 200 200 200 200 200 200 200 200 200 200 200 200 200 200 200 200 200 200 200 200 200 200
200 200 200 200 200 200 200 200 200 200 200 200 200 200 200 200 200 200 200 200 200 200 200 200 200 200 200 200 200 200 200 200 200 200 200 200 200 200 200
200 200 200 200 200 200 200 200 200 200 200 200 200 200 200 200 200 200 200 200 200 200 200 200 200 200 200 200 200 200 200 200 200 200 200 200 200 200 200
200 200 200 200 200 200 200 200 200 200 200 200 200 200 200 200 200 200 200 200 200 200 200 200 200 200 200 200 200 200 200 200 200 200 200 200 200 200 200
#2009 extra survey 108 tows done by BSFRF abundance millions by length bins and NMFS tows in same area from snowsurv09lengthbyhaul.xls
2009
# assumed sample sizes
200
200
200
200
200
200
200
200
#BSFRF females immat mature then males
#females immat
132.3881567	258.6398085	41.66679844	8.191673047	3.262710603	3.873903263	4.092950696	3.001906038	0.594535673	0.148943526	0.021538774	0	0	0	0	0	0	0	0	0	0	0
#females mat
0.678640667	3.619173957	7.95425484	7.625421078	7.623877997	26.77406559	30.53438175	27.88190094	13.42753208	2.300785524	0.592101501	0.29780265	0.091177375	0	0	0	0	0	0	0	0	0
#males immat
45.04118215	38.17128023	10.91408718	2.631468517	0.845629318	2.291168659	5.857016835	12.30194236	14.06936541	13.54378417	13.02407329	13.80255269	14.46367888	15.95624241	10.97512586	5.298313876	1.409824567	0.705344528	0.379898541	0.219739785	0.122657168	0
#males mat
0	0	0	0.248854333	0.173482107	0.711328866	2.778397865	8.149308269	12.30539706	15.70977736	16.79157996	16.84741113	19.0585477	24.21052409	25.10747569	22.36910217	13.21569806	9.247575722	5.547452884	4.68588369	2.156215807	1.5455743
#NMFS females immat mat then males
#females immat
1.779626888	4.796589129	3.117746928	2.306213292	4.148097902	5.435379751	5.486322427	2.193934451	0.303404034	0.115472002	0.012422694	0	0	0	0	0	0	0	0	0	0	0
#females mat
0.009122623	0.067119175	0.595182604	2.146795575	9.692735939	37.56604233	40.92926495	20.37740764	6.852351486	1.783738558	0.341500205	0.071142368	0.031644033	0	0	0	0	0	0	0	0	0
#males immat
1.062549145	1.634335378	1.238339146	0.987731634	0.166107179	0.52067221	1.496636117	2.742480594	2.64821627	4.224016223	3.972168118	3.641213072	4.539322453	5.633990279	4.212765768	1.760571131	0.777405307	0.378531355	0.335536888	0.209657098	0.154490635	0
#males mat
0	0	0	0.093408413	0.034077134	0.161650768	0.709960499	1.816730979	2.316192077	4.899543111	5.121207251	4.444468714	5.981389259	8.548494933	9.63742152	7.433005373	7.287398764	4.962819205	4.89966366	4.470873464	2.715822943	1.356108186
#Abundance total BSFRF then NMFS
1008.168005
269.3862292
#CV s BSFRF female male then NMFS
1.64
0.46
1.79
0.32
#2010 study bsfrf and nmfs data
2010
# assumed sample sizes
200
200
200
200
200
200
200
200
#BSFRF females immat mature then males
#females immat
697.665806	454.3766688	349.7007088	775.0312487	480.8111995	133.9073579	19.95747175	1.188795118	0.137047683	0.006422234	0.000272513	2.05639E-05	0	0	0	0	0	0	0	0	0	0
#females mat
4.634193971	14.13165123	39.07165717	346.1118963	881.7595065	1076.732729	734.0059133	233.8061849	102.4565163	22.16890077	3.675276487	0.812164436	0	0	0	0	0	0	0	0	0	0
#males immat
244.102563	187.430527	160.999176	276.1380644	468.0552713	402.7797024	201.7082938	157.0415463	99.39783608	70.24225103	48.39444686	36.85721329	33.17129134	32.74730024	25.5756	13.01602098	5.035420861	2.165379338	1.497814604	0.330267406	0.406030036	0.002050538
#males mat
0	0	0	19.3599396	80.62870368	118.0965196	78.78619521	83.76899171	63.41008192	60.53668297	51.94936114	35.72436971	30.30165366	40.71452076	50.027409	50.82530403	44.40500214	31.59550266	22.9141634	9.727605594	4.496996964	0.456668462
#NMFS females immat mat then males
#females immat
27.79032479	54.02356356	115.161508	454.0286851	619.6003228	92.14655686	35.59208854	7.51214538	0.65421444	0.10263965	0	0.02862982	0	0	0	0	0	0	0	0	0	0
#females mat
0	0	6.65274386	139.0603752	173.9060253	411.4836089	246.9995412	76.76976719	41.69838148	5.85577574	0.11110945	0	0.02552624	0	0	0	0	0	0	0	0	0
#males immat
17.54782462	45.70728824	56.02045703	164.9595971	255.073455	169.9410148	81.81733336	47.36923904	18.47950315	11.37935134	9.835286547	6.958160479	8.114434197	8.490210056	7.094103699	3.850333478	1.484491818	0.861755182	0.628307989	0.222146172	0.247840656	0.005541457
#males mat
0	0	0	11.66937214	51.98214314	67.87374902	40.19814101	48.20074104	18.00783387	24.44082653	24.82398726	11.54103465	16.67781311	11.78167447	14.09957452	16.17058986	12.99952071	12.52218272	9.619224071	6.726162228	2.728498934	0.713459153
#Abundance total BSFRF then NMFS
#Bsfrf
9716.969349
#NMFS
3829.354099
#CV s BSFRF female male then NMFS - need to calculate these
0.19
0.13
0.29
0.2077
#old survey numbers only went to about 61.2 deg N previous to 1989 -these include all tows in each year.
#these are new survey numbers(1980-2008) 
#1978-1979 are old numbers (these years were not run)
#survey length  are in millions of crab                                                                                                                                                                                                      
#females survey immature new shell
# 27.5    32.5    37.5    42.5    47.5    52.5    57.5    62.5    67.5    72.5   77.5   82.5   87.5   92.5   97.5  102.5  107.5  112.5  117.5  122.5 127.5 132.5      
96.171 412.701 198.184 54.435 101.938 60.973 32.861 9.849 2.422 0.512 0 0 0 0 0 0 0 0 0 0 0 0
201.777 365.787 599.676 2074.177 952.354 127.641 69.851 18.6 2.006 0.868 0.731 0 0 0 0 0 0 0 0 0 0 0
25.7696 84.9184 142.9268 288.177 164.216 100.0311 54.6783 24.4485 4.8824 0.4096 0.0624 0 0 0 0 0 0 0 0 0 0 0
0.032 4.0981 10.8467 20.4828 52.2025 64.4744 49.9068 20.418 5.1431 2.1074 0.2764 0.0695 0.0426 0 0 0 0 0 0 0 0 0
1.37 3.6309 0.5058 2.9936 12.2849 37.4314 15.5024 3.7334 0.9052 0.1508 0 0.0331 0 0 0 0 0 0 0 0 0 0
46.1168 33.9313 4.3222 3.6111 25.152 21.5484 3.8148 0.8295 0.06 0 0 0 0 0 0 0 0 0 0 0 0 0
33.7505 58.4617 43.4499 120.8127 183.1574 44.6481 6.633 0.9009 0.0292 0.0883 0 0 0 0 0 0 0 0 0 0 0 0
11.679 33.482 31.9492 70.5908 35.0449 17.1258 5.0347 0.8418 0.0832 0 0 0 0 0 0 0 0 0 0 0 0 0
14.239 84.6869 113.2378 255.8782 191.3674 93.3551 64.304 11.4635 1.4544 0.7121 0 0 0 0 0 0 0 0 0 0 0 0
14.3208 23.1836 276.1781 818.654 917.5941 478.2594 313.5396 92.6729 13.8981 0.9796 0.1624 0 0 0 0 0 0 0 0 0 0 0
9.074 67.8328 119.9432 249.5431 282.8491 171.2265 100.9688 34.2249 5.0613 0.4008 0.0488 0 0 0 0 0 0 0 0 0 0 0
1.0196 7.4374 25.3009 132.5984 153.4094 108.3472 90.3699 33.6199 6.2222 0.935 0.5318 0.1344 0 0 0 0 0 0 0 0 0 0
2.7356 54.4728 244.7768 119.8971 234.6239 169.1255 138.7005 57.9797 5.7619 7.6463 3.6174 0 0 0 0 0 0 0 0 0 0 0
168.8363 185.1599 161.1313 390.4106 583.1281 314.5724 163.571 73.3876 8.2243 0.9858 0 0 0 0 0 0 0 0 0 0 0 0
88.7491 193.4403 296.748 525.6482 408.0121 101.5477 76.9924 30.6944 3.972 0.1959 0.135 0 0 0 0 0 0 0 0 0 0 0
171.0541 348.4154 521.347 889.9349 699.9123 187.2863 41.6459 8.5249 0.5862 0.2218 0 0 0 0 0 0 0 0 0 0 0 0
164.9203 284.3597 595.1554 885.4228 497.0422 148.5746 57.4985 17.5853 2.9927 0.3994 0 0 0 0 0 0 0 0 0 0 0 0
8.2919 70.6464 183.1544 247.5771 340.4003 144.6385 18.4868 2.2963 0.6788 0.2357 0.1352 0 0 0 0 0 0 0 0 0 0 0
0.838 4.095 10.8642 49.6487 103.2897 58.3233 12.6795 1.0261 0.2697 0.0196 0 0 0 0 0 0 0 0 0 0 0 0
0.8801 2.2362 4.5852 17.9949 69.2701 36.5576 9.4874 0.5346 0.1541 0 0 0 0 0 0 0 0 0 0 0 0 0
9.7908 7.063 7.8834 47.6611 106.2596 76.5567 54.3446 17.8098 0.1286 0.0569 0 0 0 0 0 0 0 0 0 0 0 0
10.2828 35.9106 21.1157 28.3806 37.0725 20.9015 12.8786 11.3722 4.6155 1.1635 0.0825 0 0 0 0 0 0 0 0 0 0 0
12.9911 32.1036 46.8726 102.3336 92.2358 65.7909 24.4411 5.6038 0.7435 0.3064 0.0625 0 0 0 0 0 0 0 0 0 0 0
4.1225 11.9737 45.6846 159.1299 54.7494 88.3989 76.9732 12.3784 2.7986 0.0896 0 0 0 0 0 0 0 0 0 0 0 0
1.6467 8.7006 7.3822 25.8542 24.6324 30.3255 18.0479 1.2462 0.0818 0 0 0 0 0 0 0 0 0 0 0 0 0
26.9502 50.4778 60.5682 91.8909 135.2047 65.6893 33.5928 5.0737 0.6912 0.1111 0 0 0 0 0 0 0 0 0 0 0 0
27.1345 237.6976 608.2735 231.7169 185.5597 52.7724 12.1126 1.6569 0.5942 0.2585 0 0 0 0 0 0 0 0 0 0 0 0
10.973 68.0263 83.7193 335.851 461.05 409.2364 97.9375 34.9834 3.9313 0.1039 0 0 0 0 0 0 0 0 0 0 0 0
13.0214 47.5999 86.7322 217.2519 148.615 77.6849 94.5764 63.8663 5.361 1.8495 0.9169 0.0251 0 0 0 0 0 0 0 0 0 0
2.1214 6.8432 22.1889 39.3477 154.6871 233.454 124.5066 27.9977 3.1976 0.8478 0.2104 0 0.0841 0 0 0 0 0 0 0 0 0
17.9574 34.4187 17.3621 34.0668 38.0201 46.0227 34.0341 8.8493 2.6435 0.2113 0.0567 0 0.0294 0 0 0 0 0 0 0 0 0
57.6761 144.3064 179.2488 161.2788 309.786 135.351 29.2294 7.5228 0.7025 0.3635 0.1159 0 0 0.026 0 0 0 0 0 0 0 0
92.4191 149.5103 200.8564 1037.0137 1278.8811 157.67 60.7104 15.0851 0.8338 0.1789 0.026 0.0469 0 0 0 0 0 0 0 0 0 0
56.7874 102.1788 113.3444 270.7229 236.9091 167.9461 92.4943 86.7761 18.9864 2.3135 0.1171 0.0167 0 0 0 0 0 0 0 0 0 0
34.8184 88.3032 191.4923 292.8857 195.06 83.699 92.5437 112.0862 36.9558 4.2747 0.3078 0 0.5856 0 0 0 0 0 0 0 0 0
32.1194 180.3594 181.7693 157.687 178.4698 129.1318 95.2459 35.5188 3.8523 0.2792 0.5809 0.0274 0.1407 0 0 0 0 0 0 0 0 0
49.0646 93.5357 62.7595 277.946 468.907 296.9132 129.6257 75.4579 0.7501 0.0687 0.1415 0.0168 0 0 0 0 0 0 0 0 0 0
53.4722 248.1723 415.1041 363.2841 225.3186 86.3486 43.4231 5.0326 0.0249 2.1151 0.0166 0.0331 0 0 0 0 0 0 0 0 0 0
54.6438 272.0519 471.0163 619.5101 440.4494 148.3332 33.8945 2.0304 0.0306 0 0 0 0 0 0 0 0 0 0 0 0 0
# males new shell immature survey
#last bin cumulative (CSS huh?)
#        27.5    32.5    37.5    42.5    47.5    52.5    57.5    62.5    67.5    72.5   77.5   82.5   87.5   92.5   97.5  102.5  107.5  112.5  117.5  122.5 127.5 132.5      
68.512 285.879 232.951 92.599 140.672 98.676 73.650 66.148 58.489 65.368 45.915 41.901 39.468 34.280 25.770 11.895 3.473 1.858 1.124 0.325 0.397 0.026
275.037 287.081 323.386 699.599 745.794 299.875 217.062 171.234 129.307 104.092 82.340 75.235 56.428 34.147 18.781 8.602 3.486 1.902 1.594 0.575 0.578 0.021
67.6236 98.3082 141.9397 306.1845 200.3528 164.8092 253.5179 239.5706 134.492 76.7146 58.253 54.9328 39.7254 34.4863 17.7666 8.1289 2.3118 1.0023 0.7617 0.1269 0.441 0.011
0.2682 12.7743 21.9966 95.0503 135.6984 180.282 188.3369 138.4803 64.5505 61.2144 48.1256 42.0672 23.7122 15.5587 8.141 4.0331 0.9053 0.3279 0.1382 0.0326 0.0523 0.0042
1.1868 1.2184 2.5657 12.9572 53.2969 114.8343 152.2214 136.9125 123.6979 115.4722 104.9673 82.5444 60.368 39.609 22.6654 9.3123 1.7792 0.6592 0.1994 0.0595 0.0685 0.0032
47.3584 69.4109 9.4811 13.702 38.653 65.1663 99.4985 109.5734 91.9235 59.7407 47.8898 50.4025 54.0971 45.6326 22.3832 8.1672 2.4029 0.7382 0.2543 0.0624 0.0529 0.0013
51.0716 84.7861 85.054 116.1345 146.8948 48.6189 31.4944 30.738 33.206 28.9332 30.5229 31.6026 30.6952 31.3146 20.9557 9.5971 4.3436 2.2391 1.2837 0.3036 0.2562 0.0061
14.7845 34.073 36.2922 55.8122 38.1443 24.6683 23.6538 19.3069 11.2536 10.1937 11.9301 13.618 12.9948 10.5538 7.4645 4.2079 1.8873 1.1187 0.7556 0.1823 0.1281 0.0028
47.6362 163.64 107.3389 115.3463 90.6936 94.5018 87.0989 60.6842 36.4543 27.9773 21.0759 17.1346 10.7669 8.026 6.3254 4.0897 1.7186 0.9952 0.5754 0.1553 0.1222 0.0022
10.4811 95.0604 523.4727 702.6795 468.0635 292.862 311.309 204.7372 119.6009 73.6428 59.9842 44.2714 32.1318 29.3084 18.8369 9.8472 3.3552 1.4538 0.8963 0.2118 0.2347 0.0042
9.1084 134.4103 236.2143 349.0565 375.3037 408.6044 355.4119 270.6345 156.3191 129.871 93.7547 81.3342 49.479 37.9794 23.5018 12.7208 4.1615 2.1247 1.5635 0.5131 0.8027 0.0144
1.1053 10.1647 73.8864 245.9631 241.5452 216.4258 202.4697 192.694 224.3572 193.6959 135.0925 108.8341 77.4232 54.4428 31.6495 13.1119 4.2988 1.6098 1.0431 0.3393 0.3619 0.0145
6.1254 51.9813 102.6555 94.6134 142.4878 181.6552 177.0611 134.0703 108.7278 83.1339 73.5257 83.561 90.6517 115.7232 87.6078 40.1857 11.3407 4.6812 3.2626 0.7883 0.8741 0.0359
143.722 174.0138 220.1897 340.2257 338.716 224.5683 258.353 209.1184 118.6639 59.115 52.855 55.7948 65.1019 77.6643 43.0369 17.9662 7.2435 6.2841 4.8702 1.8032 2.5586 0.0996
74.9563 199.3845 267.773 508.0237 507.5109 185.236 106.4673 90.9683 65.2599 37.5281 41.2603 34.7436 26.0346 20.057 12.801 8.2511 3.9347 2.7633 2.1192 0.6972 0.849 0.029
141.4605 412.3163 517.8516 756.2677 633.2974 553.9319 385.2122 230.8295 101.971 59.8416 40.8944 31.5763 18.0711 14.8854 10.4136 6.4292 2.1703 1.3038 1.0971 0.3199 0.3486 0.0162
87.1584 300.6919 406.7645 496.1879 404.0823 384.1561 352.638 261.5747 172.1761 108.3844 65.0251 40.3784 16.4614 11.6832 5.0858 3.5472 0.9936 0.6376 0.525 0.1531 0.2228 0.0048
14.9985 58.5771 99.1136 161.4139 309.0994 366.5048 355.6763 326.5429 248.4991 177.0931 98.1004 72.4093 46.3884 30.295 14.7348 5.7717 1.2182 0.5625 0.338 0.1057 0.0944 0.0018
1.7425 4.7914 22.9214 48.2347 65.9009 108.479 153.0674 169.4983 171.9877 140.9855 118.8281 117.2434 97.9549 78.3031 40.1312 17.6803 5.0568 1.8838 0.8987 0.1826 0.1986 0.0069
0.6759 1.8539 6.5122 18.696 33.6075 43.0529 48.2824 57.1973 56.9231 64.1173 60.6498 66.7396 63.8966 59.25 39.5082 19.7977 7.6144 4.0831 2.5725 0.6984 0.9792 0.0268
6.8673 6.925 14.2867 45.189 92.9943 56.9601 50.5879 42.1708 32.1532 20.8843 18.3798 20.0149 23.6662 25.9281 20.9398 12.8075 5.4047 3.1397 1.9361 0.5346 0.5699 0.0156
15.3235 34.1372 24.2583 20.1383 29.4979 29.8053 31.6546 28.0506 16.102 7.6288 4.962 4.186 3.9407 4.5705 4.1159 2.5161 1.1285 0.8224 0.6318 0.2034 0.2855 0.0081
14.5805 40.251 68.7888 108.3072 92.7866 109.0717 107.8938 59.9122 27.6861 15.2395 11.2157 8.7545 5.1824 3.3408 1.9476 1.0732 0.3762 0.3192 0.2672 0.0939 0.077 0.003
5.2263 8.6319 84.3332 140.6668 49.1714 79.8504 129.6532 135.181 130.46 94.5335 59.8003 36.3372 19.6071 10.1827 5.3987 3.0774 0.7508 0.3336 0.2195 0.0533 0.0668 0.0037
3.149 9.8887 15.2045 32.0504 28.6637 40.1789 34.0423 36.3844 28.8473 29.4014 22.6313 23.1551 26.4985 20.7579 11.572 5.035 1.6133 0.6207 0.2273 0.0767 0.0912 7e-04
20.7413 71.7442 111.4405 104.8756 172.8859 94.2026 67.5649 42.8993 35.579 23.1613 17.9656 14.401 11.9719 10.7729 7.4874 2.854 1.1723 0.6229 0.3812 0.1014 0.0823 0.0011
21.6988 151.4095 316.9835 158.0097 134.6801 109.0284 89.0779 101.5249 50.07 15.5833 11.5925 8.486 4.234 4.7986 3.368 1.8167 0.8516 0.5971 0.5137 0.1954 0.2164 0.0073
8.8431 35.4925 51.7156 179.0518 190.4506 172.8637 161.9503 204.1938 145.7321 57.8209 39.1769 45.2731 33.1991 15.0911 4.8073 1.9105 0.5603 0.445 0.3946 0.1534 0.3428 0.0111
12.5687 26.5084 89.9157 153.4112 72.4176 51.6449 72.0005 85.6123 71.3385 47.6547 33.6466 41.8079 28.9531 15.8773 10.9021 7.7101 3.676 1.7052 0.6292 0.091 0.1136 0.0026
1.7042 9.7038 46.1818 71.2326 117.9331 162.2462 123.5814 87.8055 48.4712 40.1454 33.7059 38.5725 33.427 28.7047 15.3205 9.1111 3.9216 1.6945 0.9025 0.1522 0.1588 0.0018
23.6158 41.0247 22.902 27.6685 27.4983 50.4539 66.2244 75.0757 79.8457 67.5125 38.1527 27.8513 21.2974 17.3339 10.7942 6.1298 2.1702 1.234 0.625 0.1595 0.2086 0.0076
39.0998 67.6691 120.5405 90.6734 108.8283 68.1162 50.4586 41.3077 28.8434 29.0683 25.5624 23.4566 22.7902 20.1725 13.1649 5.7118 2.1307 1.2112 1.0076 0.3946 0.4423 0.0144
77.0136 131.7042 143.7362 357.0565 535.087 292.8476 134.3255 82.4362 36.4563 15.1756 10.7789 8.7587 9.0695 11.6344 9.7385 5.5197 2.3095 1.6332 1.5463 0.536 0.7649 0.0202
73.6873 80.0349 100.3881 157.2072 161.0813 175.8033 191.976 164.0126 90.7388 42.0031 34.8363 21.7572 13.5591 9.7387 8.1023 4.0511 2.0459 1.3508 1.2825 0.4524 0.5693 0.0186
19.083 67.1134 150.9488 120.8148 75.5641 77.3692 101.8315 103.2747 72.1137 45.0756 31.8843 29.268 16.8596 7.8866 6.2978 3.133 1.0289 0.4807 0.3159 0.095 0.2014 0.0076
15.5832 68.0398 89.0828 77.02 102.7471 85.7669 77.4894 54.0986 36.7297 34.4268 33.9646 32.7309 22.427 10.4951 8.4057 4.5166 1.5773 0.6713 0.4386 0.1194 0.1526 0.0058
19.7383 93.3749 39.3522 104.1202 204.6403 104.2046 106.5933 118.4187 78.6644 49.6955 33.5358 25.1156 18.5812 15.7232 14.1558 9.4594 3.9934 1.4332 0.9985 0.2477 0.2747 0.0062
78.4529 237.1832 315.7454 204.5 99.7258 71.2801 65.8583 51.1996 33.9228 19.722 14.7603 14.802 8.4522 5.7461 4.0488 1.8392 0.6904 0.3291 0.3779 0.177 0.3659 0.0147
33.5966 340.8394 467.839 446.7316 332.0253 161.472 75.4665 45.4518 21.0735 12.6415 12.8999 11.3437 8.1707 4.3698 2.4994 1.5423 0.5481 0.253 0.1507 0.0372 0.0747 0.0044
#survey females old shell immature -0
0 0 0 0 0 0 0 0 0 0 0 0 0 0 0 0 0 0 0 0 0 0
0 0 0 0 0 0 0 0 0 0 0 0 0 0 0 0 0 0 0 0 0 0
0 0 0 0 0 0 0 0 0 0 0 0 0 0 0 0 0 0 0 0 0 0
0 0 0 0 0 0 0 0 0 0 0 0 0 0 0 0 0 0 0 0 0 0
0 0 0 0 0 0 0 0 0 0 0 0 0 0 0 0 0 0 0 0 0 0
0 0 0 0 0 0 0 0 0 0 0 0 0 0 0 0 0 0 0 0 0 0
0 0 0 0 0 0 0 0 0 0 0 0 0 0 0 0 0 0 0 0 0 0
0 0 0 0 0 0 0 0 0 0 0 0 0 0 0 0 0 0 0 0 0 0
0 0 0 0 0 0 0 0 0 0 0 0 0 0 0 0 0 0 0 0 0 0
0 0 0 0 0 0 0 0 0 0 0 0 0 0 0 0 0 0 0 0 0 0
0 0 0 0 0 0 0 0 0 0 0 0 0 0 0 0 0 0 0 0 0 0
0 0 0 0 0 0 0 0 0 0 0 0 0 0 0 0 0 0 0 0 0 0
0 0 0 0 0 0 0 0 0 0 0 0 0 0 0 0 0 0 0 0 0 0
0 0 0 0 0 0 0 0 0 0 0 0 0 0 0 0 0 0 0 0 0 0
0 0 0 0 0 0 0 0 0 0 0 0 0 0 0 0 0 0 0 0 0 0
0 0 0 0 0 0 0 0 0 0 0 0 0 0 0 0 0 0 0 0 0 0
0 0 0 0 0 0 0 0 0 0 0 0 0 0 0 0 0 0 0 0 0 0
0 0 0 0 0 0 0 0 0 0 0 0 0 0 0 0 0 0 0 0 0 0
0 0 0 0 0 0 0 0 0 0 0 0 0 0 0 0 0 0 0 0 0 0
0 0 0 0 0 0 0 0 0 0 0 0 0 0 0 0 0 0 0 0 0 0
0 0 0 0 0 0 0 0 0 0 0 0 0 0 0 0 0 0 0 0 0 0
0 0 0 0 0 0 0 0 0 0 0 0 0 0 0 0 0 0 0 0 0 0
0 0 0 0 0 0 0 0 0 0 0 0 0 0 0 0 0 0 0 0 0 0
0 0 0 0 0 0 0 0 0 0 0 0 0 0 0 0 0 0 0 0 0 0
0 0 0 0 0 0 0 0 0 0 0 0 0 0 0 0 0 0 0 0 0 0
0 0 0 0 0 0 0 0 0 0 0 0 0 0 0 0 0 0 0 0 0 0
0 0 0 0 0 0 0 0 0 0 0 0 0 0 0 0 0 0 0 0 0 0
0 0 0 0 0 0 0 0 0 0 0 0 0 0 0 0 0 0 0 0 0 0
0 0 0 0 0 0 0 0 0 0 0 0 0 0 0 0 0 0 0 0 0 0
0 0 0 0 0 0 0 0 0 0 0 0 0 0 0 0 0 0 0 0 0 0
0 0 0 0 0 0 0 0 0 0 0 0 0 0 0 0 0 0 0 0 0 0
0 0 0 0 0 0 0 0 0 0 0 0 0 0 0 0 0 0 0 0 0 0
0 0 0 0 0 0 0 0 0 0 0 0 0 0 0 0 0 0 0 0 0 0
0 0 0 0 0 0 0 0 0 0 0 0 0 0 0 0 0 0 0 0 0 0
0 0 0 0 0 0 0 0 0 0 0 0 0 0 0 0 0 0 0 0 0 0
0 0 0 0 0 0 0 0 0 0 0 0 0 0 0 0 0 0 0 0 0 0
0 0 0 0 0 0 0 0 0 0 0 0 0 0 0 0 0 0 0 0 0 0
0 0 0 0 0 0 0 0 0 0 0 0 0 0 0 0 0 0 0 0 0 0
0 0 0 0 0 0 0 0 0 0 0 0 0 0 0 0 0 0 0 0 0 0
#survey males old shell immature
#     27.5 32.5  37.5  42.5  47.5   52.5   57.5   62.5   67.5   72.5   77.5   82.5   87.5  92.5  97.5 102.5 107.5 112.5 117.5 122.5 127.5 132.5      
0.000 0.000 0.000 0.011 0.105 0.439 0.747 1.642 1.673 1.641 2.066 1.986 2.417 2.012 1.283 0.973 0.950 0.611 0.471 0.150 0.094 0.015
0.000 0.000 0.000 0.035 0.201 0.932 1.171 4.075 2.164 2.516 3.396 2.060 2.435 2.024 1.855 1.092 1.025 0.521 0.249 0.135 0.066 0.010
0	0	0.173129852	0	0.241652538	0.387111787	1.066669992	1.510656811	1.413803789	1.575457642	1.606387321	1.824838499	1.790057561	1.51519936	1.847128371	1.160368863	1.087834842	0.440981254	0.491683656	0.256964878	0.129888567	0.022120025
0	0.644903011	0.081137599	0.327188802	0.71160299	1.365408707	1.947574269	2.531486442	1.91228064	1.894368083	2.531357303	2.357661871	2.96805918	1.784392142	1.13862303	0.542354524	0.330458684	0.154409855	0.114683398	0.057032341	0.02153561	0.001635712
0	0	0	0.31318014	1.665549738	4.8117258	4.82502888	5.387913168	3.980017896	2.694179137	3.304273445	2.631577662	2.271605496	1.45970978	0.86530094	0.367519893	0.231906584	0.076854456	0.057414026	0.037023976	0.01899194	0.001363087
0.03072	0.059559	0.058975	0.085037116	0.827587326	2.890014348	3.361463426	3.704326164	2.922049975	2.42635349	2.900499107	2.385206964	2.561994352	1.916059725	1.27906184	0.484451386	0.241656961	0.061139176	0.037632488	0.01427778	0.011465344	0.000320562
0.022073	0.058256	0	0.034277804	0.75508935	1.884883328	2.400528146	2.847790044	2.303986866	1.89912018	2.281823082	1.910532148	2.008313376	2.1079346	2.09884108	0.963018626	0.533994006	0.12605208	0.073672354	0.02040434	0.009315328	0.001344706
0	0	0	0.086499996	0.019419266	0.214610764	0.299652009	0.56071884	0.485181949	0.416313434	0.595707321	0.509294058	0.664130256	0.648759	0.63548058	0.425115887	0.2445534	0.105162904	0.046213066	0.019457812	0.003618472	0
0	0.028437	0.018818	0.017617044	0.016244814	0.28104456	0.440209253	0.940470168	1.290618026	0.771927011	0.855080138	0.868902181	0.874138776	0.974608945	0.98147294	0.5685943	0.515215155	0.277265408	0.226620732	0.097789032	0.036327148	0.003445596
0	0	0	0.250371912	0.622961374	2.354704768	1.775203212	2.192951244	1.623844822	1.327089492	1.632599276	1.75015323	2.008770744	2.24508981	2.0519821	1.214225932	0.829873954	0.329813512	0.239543596	0.081585812	0.026793096	0.002167
0.059359	0	0.481552	0.133388252	1.024610186	2.762338232	2.683560598	2.664192036	2.699215569	1.823369345	2.181656983	1.698417385	1.898517392	2.002109395	1.91142224	0.996501672	0.675209353	0.227022712	0.156077362	0.04369266	0.010637572	0.001269268
0.03294227	0.719379281	1.065876309	1.140918632	2.754055477	5.268993936	5.002049049	6.047485162	5.500579301	3.807835317	4.243436083	2.986516752	3.059722891	3.064000079	3.033660665	1.692947806	1.130063812	0.415140556	0.247310108	0.07633335	0.026577686	0.001320346
0	0	0.029133	0.45133702	0.732898446	1.637199372	2.165821498	3.307546572	3.528363039	3.298287527	3.57985397	2.965695747	3.019830208	3.09287291	2.67678082	1.264824657	0.847852005	0.276913896	0.22838921	0.070802204	0.038756828	0.002467586
0.094364731	0	0	0.024140389	0.094445729	0.64270611	1.360917112	2.197400029	2.812857253	2.655369843	2.947667982	2.695641589	3.501930085	4.112094321	4.047230256	2.222816998	1.535270524	0.529755809	0.383836841	0.175613304	0.052730237	0.004545909
0.024095	0	0.798553	0.183422356	0.31276291	1.539455556	0.826849802	1.380837084	1.859815122	1.675006085	2.054687327	1.963886274	2.580523608	2.71853453	2.6951141	1.557250889	1.281668661	0.62632192	0.582371678	0.276694924	0.119635692	0.019719887
0.024629	0	1.048108	0.216311572	2.107149404	2.301785356	2.319374158	1.965548244	2.211079701	1.20887598	1.302665914	1.168731368	1.787790408	1.84856324	1.91344916	1.073229462	0.878761702	0.50036672	0.331787956	0.148776496	0.05387052	0.008377875
0	2.147264	6.968117	2.635813904	1.989716218	4.660169548	4.299245144	4.604650644	4.170819134	2.700650318	2.916328327	2.282531622	2.440315768	1.968776505	1.49378376	0.868460042	0.665485275	0.302085728	0.275385624	0.136129796	0.068046836	0.007303076
0	0	2.77254	2.227696788	3.92504418	7.928864944	5.500023479	8.1906891	6.476565068	4.723722964	4.669054467	2.85452321	2.550764896	1.678988205	1.50216864	0.723780307	0.591941168	0.264778136	0.239828434	0.066887084	0.02764762	0.002654608
0	0.045704	0.441525	1.0271689	2.599752834	3.628768968	4.40928108	7.351845468	7.150335403	4.772283344	5.109238068	2.656342633	2.111989536	1.520731435	1.00729776	0.503913194	0.527779889	0.233533552	0.156523788	0.090660196	0.03487264	0.003326268
0.052428	0	0	0.043681892	0.360462816	1.17001624	1.571104854	4.087477152	5.428605678	5.400186691	5.606892797	4.755434565	5.081163616	3.456680665	2.66428736	1.081235991	0.856684283	0.357089992	0.20103554	0.091289352	0.032101652	0.004252864
0.038707	0	0.019567	0.019186524	0.093333232	0.27577018	0.683212327	1.45833402	2.485373134	2.315538365	2.609974356	2.505859755	2.968551032	2.607398555	2.10271586	1.036658294	0.624659763	0.303119432	0.233375006	0.124658908	0.053257864	0.004746236
0.113697	0.18545	0.019736	0.032988108	0.045516914	0.362022676	0.485045531	1.12083114	1.481665544	1.337467257	1.544193288	1.600996131	2.045489232	2.17726403	2.55853332	1.263825543	0.88488036	0.427640472	0.273062202	0.115584656	0.043325876	0.003888654
0.025947	0.119365	0.266068	0.658958068	1.38086437	1.883197384	1.23341457	1.871246652	1.409287651	1.166926243	1.50475721	1.468650281	2.222656784	2.275209935	2.59735	1.714340161	1.220161761	0.649107536	0.39747922	0.157325168	0.042567888	0.006977773
0	0	0.309106	0.162318672	0.373070022	2.284088964	1.568649738	3.464540376	3.275433741	1.893599586	1.992853302	1.652779576	1.68483564	2.485442245	2.15946066	1.413870821	1.131365053	0.610443792	0.341308366	0.143609752	0.075559176	0.004046284
0	0	0.028824	0.0261908	0.058989378	0.622228232	0.814660005	1.55204874	1.732608096	1.523839268	1.312342042	1.1640104	1.1537066	1.08789556	1.1025049	0.762513374	0.579834619	0.248297392	0.182953866	0.076529332	0.016743496	0.003263755
0	0.02542	0	0.004274332	0.042067452	0.048055252	0.218397959	0.608154228	1.016469086	0.905059455	1.064759949	1.085755048	1.213810744	1.231133375	1.04671574	0.634009122	0.46348848	0.203203672	0.106562356	0.042559044	0.008652688	0.001628605
0.140006	0.146518	1.040342	0.477241476	0.579663764	1.963487156	1.17321823	1.3865379	1.293558976	0.953725101	1.06245381	1.054888947	1.2241016	1.41707485	1.14879296	0.628998778	0.490222096	0.201396776	0.130817724	0.074967112	0.013204356	0.001688808
0.114548	0.02713	0	0.102532636	0.34461779	0.290469128	0.569715205	1.644173784	1.712225151	1.510546294	1.084637345	1.099135646	1.796974704	1.18925085	1.08968244	0.704696126	0.658673925	0.392119336	0.313980274	0.134250864	0.06858808	0.004914173
0.664034	1.328068	0.223183	0.077586268	0.377940636	0.895276512	1.121878685	2.609320296	1.957186112	1.314545946	1.274935981	1.113115171	1.165439936	1.11667835	0.84948136	0.503286456	0.445778515	0.385190456	0.335565264	0.174242728	0.127950636	0.009115546
0	0	0	0.075268453	0.598789434	1.225527225	0.771284287	1.916974276	2.011094214	1.170168004	1.339100386	1.520387373	1.649821703	1.354260971	1.272444696	0.677103831	0.65078064	0.314668007	0.193606253	0.09126983	0.041567646	0.00401409
0	0.04277	0	0.090703972	0.209062424	0.372802432	0.981286016	1.858250988	1.776671911	0.957102883	1.084431161	0.949718651	1.429747112	1.1475735	1.23483136	1.020315135	0.944258861	0.436592352	0.164497338	0.078466784	0.01993882	0.002340327
0	0	0	0.059304512	0.121665017	0.629845744	1.068069577	2.059664453	1.752321258	1.207424671	1.318815459	1.643894561	1.934288994	1.708330839	2.307476975	1.668452578	1.436190645	0.425249019	0.220426311	0.080666832	0.027340695	0.002683667
0	0	0.1088125	0.040863322	2.268818527	6.020613472	2.420683772	5.851679566	2.501216261	2.728962845	3.619579141	1.634614654	2.675466182	1.243141594	1.135526182	0.828485701	0.710840794	0.306098442	0.189549957	0.073112186	0.043765784	0.003124087
0 0 0 0 0 0 0 0 0 0 0 0 0 0 0 0 0 0 0 0 0 0
0 0 0 0 0 0 0 0 0 0 0 0 0 0 0 0 0 0 0 0 0 0
0 0 0 0 0 0 0 0 0 0 0 0 0 0 0 0 0 0 0 0 0 0
0 0 0 0 0 0 0 0 0 0 0 0 0 0 0 0 0 0 0 0 0 0
0 0 0 0 0 0 0 0 0 0 0 0 0 0 0 0 0 0 0 0 0 0
0 0 0 0 0 0 0 0 0 0 0 0 0 0 0 0 0 0 0 0 0 0
#females survey mature new shell - mature logistic for all years from schedule file
# 27.5    32.5    37.5    42.5    47.5    52.5    57.5    62.5    67.5    72.5   77.5   82.5   87.5   92.5   97.5  102.5  107.5  112.5  117.5  122.5 127.5 132.5      
0 0 1.906 50.028 247.52 396.307 221.029 136.463 40.342 6.213 1.588 0.648 0 0.047 0 0 0 0 0 0 0 0
0 14.162 78.457 269.654 779.295 884.423 566.449 247.901 83.981 11.303 1.59 1.446 0.041 0 0 0 0 0 0 0 0 0
0 0 1.2254 57.2568 558.1612 1458.6728 997.8944 323.5957 86.3674 15.1919 0.9745 0.0823 0.0433 0.0382 0 0 0 0 0 0 0 0
0 1.067 0 44.6804 247.0237 517.2728 273.4056 91.2126 29.6242 11.3637 1.941 0.5471 0.0883 0.0426 0 0 0 0 0 0 0 0
0 0 0.4361 16.8899 232.1135 560.7309 350.2908 157.548 57.0391 8.5491 0.9192 0.1886 0.0631 0 0 0 0 0 0 0 0 0
0 0 0.2333 8.6418 71.2579 161.1564 123.9489 43.1231 12.3565 1.395 0.0906 0 0 0 0 0 0 0 0 0 0 0
0 0 0.8032 8.9535 69.6099 98.5 60.909 17.4475 2.6348 0.3055 0.0165 0.0284 0.0581 0 0 0 0 0 0 0 0 0
0 0 0.1397 1.079 11.4301 40.0552 24.2641 5.18 1.2174 0.0612 0.018 0 0 0 0 0 0 0 0 0 0 0
0 0 0.1672 1.0622 20.0232 77.6119 46.6728 11.4778 2.1523 0.0265 0.2874 0 0 0 0 0 0 0 0 0 0 0
0 0 2.3104 47.2579 271.8844 508.2133 333.0037 136.5285 80.7529 13.3717 0.6343 0.2753 0.0286 0 0 0 0 0 0 0 0 0
0 0.0302 1.0955 54.3232 334.7097 749.1091 393.9111 219.6233 132.2466 63.3041 6.4795 1.2453 0.1047 0 0.0177 0 0 0 0 0 0 0
0 0 0.1985 20.887 113.2456 198.3287 186.0129 111.6434 64.543 24.3168 3.5861 0.4412 0.2517 0 0 0 0 0 0 0 0 0
0 0 0 3.1059 55.5699 160.4552 116.8458 57.0601 36.2309 8.7748 1.2302 0.2962 0.0429 0 0 0 0 0 0 0 0 0
0 0 0.7197 9.5391 78.7107 209.251 151.8093 57.5155 35.5418 14.3396 1.7968 0.3908 0.025 0 0 0 0 0 0 0 0 0
0 0.1384 8.193 100.0841 144.6509 221.42 229.2366 102.5823 55.0898 16.2522 6.8112 0.5616 0.0904 0.0297 0 0 0 0 0 0 0 0
0 0.3488 1.1595 110.079 431.1063 519.0562 160.9048 53.0204 22.7698 6.6308 0.168 0.029 0 0 0 0 0 0 0 0 0 0
0 0 4.6894 178.3322 494.3183 466.9671 332.9009 192.0306 48.7706 7.9201 1.6421 0.0776 0 0 0 0 0 0 0 0 0 0
0 0 2.0722 108.6622 574.4493 624.9647 224.2173 52.8807 27.1966 5.7045 0.3047 0.17 0 0 0 0 0 0 0 0 0 0
0 0 1.9207 55.6245 207.1996 225.18 99.6815 25.3641 5.5552 0.5929 0.0465 0 0.0576 0 0 0 0 0 0 0 0 0
0 0 0 8.3507 69.9432 174.2138 110.4414 30.3444 4.1111 0.3179 0.0838 0 0.0267 0 0 0 0 0 0 0 0 0
0 0 0.0854 0.7597 17.5403 39.5322 58.6376 21.6675 3.9651 0.9971 0.1243 0.0972 0 0 0 0 0 0 0 0 0 0
0 0 0 3.4469 28.2124 43.9488 31.5005 9.1748 5.3777 3.6157 0.2224 0.1009 0 0 0 0 0 0 0 0 0 0
0 0 0 3.0389 55.9857 197.2854 116.8856 31.5209 9.0145 2.8243 0.5532 0.1937 0.0281 0 0 0 0 0 0 0 0 0
0 0 0 1.1074 36.2674 232.4656 257.4751 81.765 31.0283 5.5222 0.4494 0.0793 0 0 0 0 0 0 0 0 0 0
0 0 0 0.1515 4.231 14.447 14.922 12.5635 9.1318 0.862 0.1413 0.0768 0 0 0 0 0 0 0 0 0 0
0 0.0597 0 1.7651 5.5666 37.7427 40.738 20.6854 6.3759 1.6841 0.1257 0.1229 0 0 0 0 0 0 0 0 0 0
0 1.0875 36.4002 64.4671 112.084 156.4862 108.7663 35.9103 8.5011 2.4097 0.3084 0.2189 0.0523 0 0.0165 0 0 0 0 0 0 0
0 0 0 2.243 42.1296 237.5312 183.4929 34.5788 6.8001 8.2164 0.2722 0.1387 0.0449 0 0 0 0 0 0 0 0 0
0 0 0 0.8085 7.5815 44.7636 118.9824 121.2627 44.6752 12.2854 2.0344 0.9751 0 0 0 0 0 0 0 0 0 0
0 0 0 1.8225 32.0098 102.6602 104.4473 47.0514 44.5665 39.5862 6.0608 0.4125 0.2546 0 0 0 0 0 0 0 0 0
0 0 0 1.5129 21.0742 58.8293 55.6381 77.9586 52.5135 15.5073 1.2194 0.235 0.0294 0 0 0 0.0179 0 0 0 0 0
0 0 0 6.2429 37.1775 83.8796 48.2504 21.1047 7.8839 2.4079 0.6279 0.1863 0.0267 0 0 0 0 0 0 0 0 0
0 0 8.5522 139.3773 155.0406 291.1504 177.3039 45.1883 8.7053 1.9879 0.0959 0.1413 0 0 0 0 0 0 0 0 0 0
0 0.0935 0.0935 37.6648 390.9077 794.3632 275.1878 60.1291 24.304 10.3339 1.3527 0.1114 0.032 0 0 0 0 0 0 0 0 0
0 0.1165 1.3409 41.5734 224.8604 221.5289 107.248 48.6355 33.3139 33.346 14.8581 1.3886 0.1354 0.2132 0 0 0 0 0 0 0 0
0.027 0.0287 0.4087 21.623 100.8448 127.9379 81.1673 55.1063 58.9671 58.1505 14.6243 2.0764 0.4328 0.0274 0 0 0 0 0 0 0 0
0 0 0.2873 37.766 59.1422 85.8492 92.632 51.7107 33.1618 12.5275 1.2123 0.104 0.0298 0 0 0 0 0 0 0 0 0
0 0 0.0274 1.1158 12.535 65.4942 63.4185 15.7646 9.5123 2.8858 0.0984 0 0 0 0 0 0 0 0 0 0 0
0 0 0.0961 21.9411 49.6631 99.8429 46.4696 19.6421 7.246 0.6562 0 0 0.0276 0 0 0 0 0 0 0 0 0
#survey males new shell mature - used average maturity curve
#average of 1989 to 1999.
#     27.5 32.5  37.5  42.5  47.5   52.5   57.5   62.5   67.5   72.5   77.5   82.5   87.5  92.5  97.5 102.5 107.5 112.5 117.5 122.5 127.5 132.5      
0.000 0.000 0.000 6.425 23.892 27.052 26.356 30.270 30.557 44.934 36.195 29.009 28.295 31.549 38.788 37.842 29.123 25.772 16.942 10.361 3.996 3.453
0.000 0.000 0.000 48.541 126.665 82.209 77.676 78.359 67.556 71.551 64.907 52.088 40.453 31.425 28.267 27.365 29.233 26.377 24.022 18.317 5.812 2.872
0 0 0 21.2856 33.978 45.1388 90.9358 109.6577 70.2142 52.6524 45.9563 38.0161 28.5313 31.7062 26.7613 25.8831 19.2942 13.957 11.524 4.1036 4.4589 1.5613
0 0 0 6.6078 23.0132 49.3766 67.5556 63.386 33.6999 42.0139 37.9667 29.1125 17.0304 14.3044 12.2625 12.8417 7.5553 4.5656 2.0902 1.0556 0.529 0.6008
0 0 0 0.9008 9.0387 31.4514 54.6012 62.6684 64.579 79.2532 82.8096 57.1247 43.3571 36.4159 34.1401 29.6514 14.8491 9.1792 3.0167 1.924 0.6924 0.4545
0 0 0 0.9525 6.5552 17.8481 35.6897 50.1546 47.9905 41.0025 37.7807 34.8809 38.8532 41.954 33.715 26.0052 20.054 10.2799 3.8479 2.0179 0.5353 0.1834
0 0 0 8.0735 24.912 13.316 11.2969 14.0696 17.3358 19.8581 24.0798 21.8705 22.0457 28.7902 31.5649 30.5582 36.2508 31.1803 19.4211 9.8161 2.5909 0.8655
0 0 0 3.88 6.4689 6.7563 8.4845 8.8373 5.8752 6.9964 9.4118 9.4243 9.3331 9.703 11.2435 13.3982 15.7506 15.5786 11.432 5.8941 1.2951 0.397
0 0 0 8.0187 15.3808 25.8827 31.242 27.7767 19.0317 19.2019 16.6269 11.8579 7.7329 7.379 9.5277 13.0219 14.3434 13.8586 8.7057 5.021 1.2353 0.3137
0 0 0 48.8494 79.3792 80.2106 111.6652 93.7135 62.44 50.5441 47.322 30.6379 23.0775 26.9457 28.3734 31.3544 28.0022 20.2452 13.5598 6.8492 2.3732 0.5904
0 0 0 24.266 63.648 111.9108 127.4847 123.8764 81.6095 89.1358 73.9639 56.2871 35.5365 34.9177 35.4 40.5042 34.7308 29.5871 23.6548 16.589 8.1165 2.0416
0 0 0 17.099 40.9638 59.2759 72.625 88.201 117.1301 132.9413 106.5757 75.3184 55.6064 50.0539 47.6726 41.7495 35.8769 22.4175 15.7812 10.9714 3.6593 2.0547
0 0 0 6.5774 24.1646 49.7527 63.511 61.3675 56.7635 57.0582 58.0051 57.8282 65.1072 106.3942 131.9606 127.9552 94.647 65.1878 49.3606 25.4895 8.838 5.0937
0 0 0 23.6521 57.4431 61.506 92.6701 95.7189 61.9508 40.573 41.6978 38.6127 46.757 71.4034 64.825 57.206 60.4528 87.5081 73.6812 58.3045 25.8703 14.1278
0 0 0 35.3172 86.0691 50.7334 38.1894 41.6386 34.0702 25.7571 32.5506 24.0442 18.6984 18.4401 19.2817 26.2725 32.8381 38.4804 32.0616 22.5418 8.5844 4.1081
0 0 0 52.5748 107.4013 151.7138 138.1739 105.6566 53.236 41.0717 32.2619 21.8523 12.9789 13.6855 15.6856 20.4712 18.1126 18.1555 16.5973 10.342 3.5251 2.3
0 0 0 34.4943 68.5286 105.2147 126.4897 119.7295 89.888 74.3886 51.2989 27.9437 11.8228 10.7414 7.6605 11.2945 8.2924 8.8785 7.9434 4.9493 2.2528 0.6743
0 0 0 11.2213 52.4204 100.3803 127.5795 149.4672 129.7339 121.5462 77.3922 50.1107 33.3167 27.8527 22.1945 18.3775 10.1665 7.8335 5.1143 3.4172 0.9546 0.2552
0 0 0 3.3532 11.1762 29.7108 54.9046 77.5838 89.7896 96.7641 93.7445 81.138 70.3525 71.9908 60.4483 56.2959 42.2029 26.2327 13.5972 5.9026 2.008 0.9834
0 0 0 1.2997 5.6995 11.7916 17.3187 26.1807 29.7178 44.0063 47.8471 46.187 45.8914 54.4736 59.5098 63.0378 63.5486 56.8588 38.9193 22.5823 9.901 3.8035
0 0 0 3.1415 15.771 15.6005 18.1456 19.3027 16.7862 14.3337 14.5 13.8513 16.9973 23.838 31.5409 40.7804 45.1064 43.7213 29.2914 17.2844 5.7628 2.2094
0 0 0 1.4 5.0026 8.1632 11.3544 12.8395 8.4064 5.2359 3.9146 2.8969 2.8302 4.2021 6.1997 8.0116 9.4184 11.4517 9.5589 6.5773 2.8869 1.1455
0 0 0 7.5294 15.7357 29.8732 38.701 27.4234 14.4541 10.4595 8.8481 6.0585 3.7221 3.0715 2.9336 3.417 3.1393 4.4447 4.0431 3.0363 0.7781 0.4266
0 0 0 9.779 8.339 21.8698 46.506 61.8758 68.1092 64.8822 47.177 25.147 14.0821 9.3618 8.1319 9.7987 6.2659 4.6457 3.321 1.7247 0.6755 0.5279
0 0 0 2.2281 4.8611 11.0044 12.2108 16.6541 15.0603 20.1794 17.854 16.0244 19.0316 19.0845 17.4305 16.0321 13.4647 8.6438 3.4387 2.4796 0.9218 0.1038
0 0 0 7.2908 29.3198 25.8007 24.2352 19.6361 18.5747 15.8966 14.1732 9.9662 8.5984 9.9045 11.2779 9.0873 9.7841 8.6738 5.7677 3.2796 0.832 0.1613
0 0 0 10.9846 22.8405 29.8613 31.9519 46.4706 26.14 10.6954 9.1454 5.8727 3.0409 4.4118 5.0731 5.7845 7.1074 8.3144 7.7716 6.3189 2.1882 1.0301
0 0 0 12.4475 32.2986 47.3448 58.0909 93.4648 76.0824 39.6849 30.907 31.3312 23.844 13.8745 7.2411 6.0833 4.6765 6.1971 5.9699 4.961 3.4663 1.5709
0 0 0 10.6649 12.2813 14.1448 25.8263 39.187 37.2437 32.7074 26.5441 28.9331 20.7945 14.5973 16.4214 24.5498 30.6792 23.7456 9.519 2.9439 1.149 0.3663
0 0 0 4.952 20.0003 44.4369 44.3281 40.1908 25.3054 27.5534 26.5908 26.694 24.0077 26.3907 23.0767 29.0105 32.729 23.5965 13.6543 4.9216 1.6057 0.2561
0 0 0 1.9235 4.6635 13.8186 23.7544 34.3641 41.6851 46.3365 30.099 19.2744 15.2961 15.9365 16.259 19.5179 18.1119 17.1833 9.4563 5.1582 2.1088 1.0786
0 0 0 6.3035 18.4563 18.656 18.0993 18.9076 15.0583 19.9508 20.1664 16.2331 16.3682 18.5464 19.8299 18.187 17.7825 16.8669 15.2447 12.7598 4.4723 2.0396
0 0 0 24.8221 90.7457 80.2067 48.182 37.7332 19.0328 10.4157 8.5036 6.0614 6.5138 10.6965 14.6688 17.5753 19.2748 22.7433 23.3941 17.3299 7.7339 2.8675
0 0 0 10.9288 27.3179 48.1499 68.8609 75.0728 47.372 28.8284 27.4826 15.057 9.7383 8.9536 12.2042 12.899 17.0746 18.8106 19.4033 14.6264 5.7558 2.6388
0 0 0 8.3989 12.815 21.1903 36.5265 47.2715 37.6484 30.9372 25.1538 20.2548 12.1088 7.2508 9.4861 9.9757 8.587 6.6945 4.7799 3.0731 2.0361 1.0782
0 0 0 5.3543 17.425 23.4903 27.7951 24.7624 19.1755 23.6285 26.795 22.6514 16.1074 9.6491 12.6612 14.3813 13.164 9.3475 6.6363 3.8617 1.543 0.8192
0 0 0 7.2383 34.7051 28.5401 38.2346 54.2033 41.0683 34.108 26.4567 17.3812 13.3452 14.4557 21.3224 30.1197 33.3284 19.9579 15.1061 8.0074 2.7774 0.8827
0 0 0 14.2166 16.9126 19.5226 23.6231 23.4354 17.7101 13.536 11.6446 10.2437 6.0705 5.2829 6.0986 5.8563 5.7617 4.5827 5.7167 5.7225 3.6992 2.082
0 0 0 31.0562 56.3084 44.2248 27.0695 20.8044 11.0019 8.6764 10.1768 7.8504 5.8683 4.0176 3.7647 4.9108 4.5741 3.5229 2.2798 1.2028 0.7557 0.6205
#females survey mature old shell 
#        27.5    32.5    37.5    42.5    47.5    52.5    57.5    62.5    67.5    72.5   77.5   82.5   87.5   92.5   97.5  102.5  107.5  112.5  117.5  122.5 127.5 132.5      
0.181 0.17 0.463 13.613 77.052 117.748 136.502 100.282 59.272 20.36 2.696 1.499 1.162 0.354 0.097 0 0 0 0 0 0 0
0 0 0.044 11.432 92.475 249.752 305.608 161.918 40.624 19.772 1.356 0.03 0 0 0 0 0 0 0 0 0 0
0 0 0 56.1812 433.8819 395.9081 311.5616 95.3248 29.6347 5.982 1.664 0.2827 0 0 0 0.4134 0 0 0 0 0 0
0 0 0 6.7292 81.997 333.3337 200.2344 134.211 59.4138 11.8299 0.9338 0.8519 0.0326 0 0 0 0 0 0 0 0 0
0 0 2.2587 12.912 73.0363 350.5634 266.6894 128.9438 76.8631 18.065 3.1104 0.0266 0 0 0 0 0 0 0 0 0 0
0 0 0.7677 21.6949 230.2066 465.4061 209.1254 80.3023 27.3404 8.423 0.444 0.0868 0 0 0 0 0 0 0 0 0 0
0 0 0.0293 6.9608 57.0661 142.2031 107.6407 61.5234 30.7213 2.9818 0.8395 0.7857 0 0 0 0 0 0 0 0 0 0
0 0 0 0.7324 3.1894 7.3413 5.2048 2.2975 0.8562 0.1931 0.0511 0.1133 0 0 0 0 0 0 0 0 0 0
0 0 0 1.6692 15.5195 49.4617 31.5497 6.4134 3.237 0.0834 0 0 0 0 0 0 0 0 0 0 0 0
0 0 0 22.2439 81.7087 264.8755 172.6289 77.755 24.2336 2.3242 0.1079 0.0839 0 0 0 0 0 0 0 0 0 0
0 0 4.3167 46.2725 147.1377 360.6402 195.3227 70.9541 13.0584 1.5144 0.099 0.0727 0 0.0271 0 0 0 0 0 0 0 0
0 0.3705 2.4588 232.5829 1036.6152 1519.336 637.0675 281.3194 145.4934 42.5013 4.2001 0.4302 0.0809 0 0 0 0 0 0 0 0 0
0 0 4.7189 105.206 537.8286 986.8565 498.9231 248.6636 138.4978 37.6312 9.2314 1.306 0.171 0.0486 0 0 0 0 0 0 0 0
0 0 6.3248 92.6512 760.0958 1200.6938 525.5119 229.6519 131.127 32.7829 6.291 0.4908 0.112 0 0 0 0 0 0 0 0 0
0 0 0.4271 22.0714 264.0723 408.7391 228.8797 136.3422 83.0058 33.9694 5.6469 0.4766 0.097 0.0169 0 0 0 0 0 0 0 0
0 0 11.4996 82.6558 286.6753 333.4191 179.6358 70.9494 77.5776 37.7425 10.1898 0.4529 0.1487 0.0729 0 0 0 0 0 0 0 0
0 0 1.1158 25.5012 74.3245 139.0758 109.9123 67.6957 42.8238 14.136 1.8391 0.4601 0.1724 0.0806 0.0159 0 0 0 0 0 0 0
0 0 5.1843 93.0772 301.5759 521.7567 356.0238 117.8912 70.8235 20.8119 1.0612 0.1115 0.1069 0.0271 0 0 0 0 0 0 0 0
0 0 8.0721 170.9447 492.4877 471.4233 221.5369 82.2512 29.8384 8.0925 0.7869 0.4822 0.0272 0 0 0 0 0 0 0 0 0
0 0 18.1382 152.3199 515.2485 538.6814 288.2928 62.769 23.8202 2.3455 0.379 1.2187 0 0 0 0 0 0 0 0 0 0
0 0 6.3311 110.7199 388.8603 466.1489 201.1695 55.9585 10.2564 3.4836 0.3421 0 0 0 0 0 0 0 0 0 0 0
0 0 0.2961 18.495 109.8198 167.0553 87.2114 32.9983 6.9067 2.1163 0.4596 0.0517 0 0 0 0 0 0 0 0 0 0
0 0 2.3384 52.2759 230.6819 435.2279 375.7933 92.6522 26.318 16.3821 0.0534 0 0 0 0 0 0 0 0 0 0 0
0 0 1.6194 15.4603 98.0964 245.3499 168.9585 47.6225 14.6354 5.6613 0.1729 0.0186 0 0 0 0 0 0 0 0 0 0
0 0 0.033 5.2115 80.6709 200.0451 102.4015 41.4049 13.5751 2.5293 0.1519 0.1265 0.0504 0 0.026 0.026 0.052 0 0 0 0 0
0 0 0.0171 7.1648 140.391 214.3647 148.3684 33.8067 20.301 0.6519 0.2418 0 0.0271 0 0 0 0 0 0 0 0 0
0 0 1.6844 12.7017 92.1309 177.7777 80.3572 27.0756 12.7376 0.133 0.6048 0 0 0 0 0 0 0 0 0 0 0
0 0 2.1979 47.1425 138.3409 209.0494 123.598 53.7047 14.9266 4.5079 1.9294 0.098 0 0 0 0 0 0 0 0 0 0
0 0 0.1859 3.6757 52.8285 156.669 112.7356 41.5628 17.4845 5.11 0.5141 0.1289 0 0 0 0 0 0 0 0 0 0
0 0 0.3734 31.4637 83.3585 166.6732 97.4019 46.2684 27.524 6.1845 1.1036 0.4047 0 0 0 0 0 0 0 0 0 0
0 0 0.1553 38.0733 61.4451 152.3417 101.0874 59.0254 37.411 12.1321 1.3877 0.0717 0.0283 0 0.0304 0 0 0 0 0 0 0
0 0 0.1602 5.3819 43.2976 154.6676 138.4364 97.8679 69.1454 25.3447 4.6726 0.1689 0.2635 0.027 0.0276 0 0 0 0 0 0 0
0 0 0.1948 115.04 161.3112 339.3233 190.2804 82.5147 50.982 9.6734 0.8326 0.046 0.0451 0 0 0 0 0 0 0 0 0
0 0 0.0438 139.8861 308.4984 510.7076 377.4415 144.8692 52.473 8.2855 0.1799 0 0.0266 0.0266 0.0192 0 0 0 0 0 0 0
0 0.125 11.3752 107.4309 495.7465 776.4018 400.973 91.3534 35.3681 7.3497 1.071 0.2263 0.0266 0.0269 0 0.0268 0 0 0 0 0 0
0 7.8194 2.7991 120.85 405.1477 712.4838 300.0407 105.4784 37.7074 6.8744 0.9314 0.4461 0.1356 0.0271 0 0 0 0 0 0 0 0
0 0 2.0063 85.4857 285.1161 508.5302 275.267 79.1328 90.6807 86.4736 24.3959 2.349 1.439 0.1947 0 0.0572 0 0 0 0 0 0
0 0 1.0439 41.2589 178.4097 328.7639 213.8532 107.465 87.2211 81.0233 24.3335 4.0337 0.3333 0 0 0 0 0 0 0 0 0
0 0 0.0828 30.6415 64.5578 175.0642 127.285 64.121 59.0631 39.8692 10.0856 1.6533 0.4152 0 0 0 0 0 0 0 0 0
#survey males old shell mature
#     27.5 32.5  37.5  42.5  47.5   52.5   57.5   62.5   67.5   72.5   77.5   82.5   87.5  92.5  97.5 102.5 107.5 112.5 117.5 122.5 127.5 132.5      
0.000 0.000 0.000 0.056 0.481 2.115 6.097 10.829 11.081 14.251 14.970 14.715 13.473 11.863 7.849 9.944 9.469 10.213 7.630 3.262 2.048 1.298
0.000 0.000 0.000 0.178 0.926 4.487 9.556 26.883 14.332 21.849 24.606 15.266 13.573 11.938 11.349 11.165 10.221 8.711 4.038 2.928 1.430 0.839
0 0 0.173 0 1.3337 2.5743 9.9596 11.6751 11.1958 17.123 13.1604 16.0364 12.5578 11.7013 13.0089 14.0522 10.0266 5.6758 6.9662 4.3912 1.6181 0.9745
0 0.6408 0.0806 2.0268 3.9708 8.1776 19.4028 20.4429 14.985 19.4639 21.2343 20.4434 19.8797 12.3532 8.2292 6.1631 3.5437 2.6556 2.0078 1.3824 0.5387 0.1354
0 0 0 1.901 9.3166 27.8916 43.7933 40.7817 30.126 26.1134 27.1306 22.0792 14.9157 10.0611 6.1502 4.137 2.5563 1.3755 0.9952 0.8442 0.4331 0.1245
0.0307 0.0596 0.059 0.5197 4.6511 16.8184 30.8372 28.0829 22.2985 23.5828 23.9768 20.0506 16.8702 13.2217 9.1457 5.4462 2.6567 1.0929 0.6488 0.3245 0.2606 0.0291
0.0292 0.0583 0 0.209 4.32 11.5202 23.3968 23.0251 18.4998 19.4444 19.5434 16.4192 13.4247 14.8514 15.0505 11.0029 5.9488 2.2162 1.3572 0.4693 0.2275 0.1222
0 0 0 0.5274 0.1091 1.2464 2.744 4.2325 3.6913 4.0227 4.909 4.2727 4.3664 4.4668 4.5306 4.7731 2.664 1.8751 0.7959 0.4415 0.0822 0
0 0.0278 0.0194 0.1056 0.0913 1.6272 4.0268 7.1 9.7967 7.4583 6.9888 7.265 5.7058 6.6472 6.9206 6.2982 5.5706 4.8064 3.7046 2.134 0.8187 0.3099
0 0 0 1.5286 3.3773 13.6293 16.1051 16.4764 12.4449 12.8652 13.4111 14.6871 13.0871 15.3565 14.4343 13.5562 8.9748 5.866 4.0431 1.8549 0.6081 0.1972
0.0601 0 0.4879 0.8213 5.822 16.2086 24.8079 20.331 20.7773 17.8544 18.1556 14.3805 12.5984 13.9561 13.8026 11.363 7.5096 4.1045 2.7171 1.0315 0.2442 0.116
0.0331 0.7409 1.0811 6.8753 15.2553 29.8208 44.4947 44.6492 41.5427 36.0124 33.626 23.6139 18.5729 19.9253 20.0224 17.1801 10.5927 6.1135 3.4949 1.6602 0.5514 0.1203
0 0 0.0293 2.7699 4.1669 9.7489 19.7665 24.3634 26.0619 29.9269 27.6271 23.3402 18.9323 20.3968 18.2935 13.7831 9.3219 4.9759 3.9691 1.6259 0.8962 0.2353
0.0946 0 0 0.1472 0.532 3.7438 12.5163 16.7093 21.5251 25.7981 24.4402 22.5855 23.0788 28.3595 28.9153 24.9983 16.879 9.4847 6.6241 3.9814 1.1978 0.4136
0.0241 0 0.6825 1.0703 1.5734 8.1209 6.9422 9.7802 13.4303 15.3341 15.9778 15.725 16.3026 17.9006 18.2576 16.5254 13.1497 10.438 9.2959 5.8335 2.494 1.6254
0.0246 0 1.0481 1.3209 11.839 13.3605 21.2823 14.8943 16.9127 11.7427 10.7814 9.8278 11.8027 12.7869 13.7077 12.0887 9.6745 8.9439 5.7243 3.3828 1.252 0.761
0 2.1473 6.9681 16.078 11.2073 27.2167 39.6572 35.0312 31.8632 26.2949 24.1719 19.254 16.1249 13.6236 10.6955 9.7816 7.3285 5.4039 4.7579 3.117 1.5505 0.6649
0 0 2.7725 13.6831 22.2372 46.5844 50.8016 62.6864 50.0175 46.4117 39.4761 24.4479 17.1904 11.7389 10.8154 8.1879 6.534 4.7381 4.1449 1.5224 0.6284 0.2413
0 0.0457 0.4415 6.2685 14.6062 21.101 40.4702 55.719 54.6201 46.3609 42.2373 22.3282 13.8951 10.4952 7.1986 5.6636 5.8009 4.1714 2.6987 2.0605 0.7932 0.3026
0.053 0 0 0.2664 2.0249 6.8114 14.4249 31.0095 41.4961 52.4091 46.385 39.9979 33.4554 23.8569 19.0607 12.1513 9.4343 6.3942 3.4681 2.0748 0.7301 0.3866
0.0387 0 0.0186 0.117 0.5248 1.6044 6.2485 10.9846 18.9652 22.4237 21.5085 21.0104 19.5132 17.9155 15.0427 11.6225 6.8734 5.3669 3.9989 2.8349 1.1975 0.4056
0.1144 0.1865 0.0199 0.2021 0.2574 2.1008 4.655 9.0815 12.0769 13.664 13.378 13.8341 13.6148 15.3648 18.6031 14.4338 9.8736 7.8406 4.9608 2.7843 1.0455 0.389
0.0262 0.1205 0.2687 4.0577 7.8346 11.0526 11.4551 14.4597 11.1282 11.8274 12.8185 12.6387 14.9057 15.965 18.7801 19.4717 13.5876 11.89 7.0369 3.64 1.0203 0.6061
0 0 0.3101 0.993 2.0933 13.3281 14.4604 26.4202 25.184 18.5516 16.551 13.987 11.1463 17.2896 15.5411 15.9862 12.506 10.9583 5.9084 3.2793 1.7241 0.3694
0 0 0.0287 0.1608 0.3316 3.5434 7.4216 11.7037 13.1431 14.764 10.85 9.7811 7.598 7.5179 7.8894 8.5928 6.3964 4.4517 3.1718 1.7692 0.3807 0.2977
0 0.0254 0 0.0261 0.2363 0.2794 2.006 4.6086 7.7559 8.7768 8.7989 9.1326 7.9882 8.5113 7.4895 7.1405 5.1058 3.6328 1.84 0.9683 0.1967 0.123
0.1409 0.1494 1.0394 2.9127 3.256 11.4144 10.7653 10.5184 9.8778 9.2484 8.8112 8.8553 8.0574 9.798 8.2451 7.0854 5.405 3.6252 2.2614 1.7077 0.3004 0.1536
0.1153 0.0273 0 0.6273 1.9281 1.6908 5.2034 12.4453 13.0324 14.6316 8.9317 9.1987 11.7851 8.1955 7.7798 7.9552 7.2455 6.9914 5.4446 3.0558 1.5609 0.3986
0.6842 1.3683 0.2232 0.4851 2.1967 5.3772 10.6228 20.3706 15.3317 13.0727 10.866 9.6143 7.8239 7.7763 6.2093 5.8333 4.9709 7.0271 5.8518 4.0142 2.9298 0.8309
0 0 0 0.4581 3.389 7.1481 7.1648 15.0478 15.7609 11.6075 11.1455 12.8783 10.9426 9.4219 9.1599 7.677 7.2681 5.7031 3.4109 2.1275 0.9177 0.3516
0 0.0429 0 0.5554 1.1805 2.187 9.1362 14.358 13.9091 9.4011 9.0593 8.0733 9.4997 7.9995 8.9202 11.5283 10.4785 7.8216 2.8754 1.8115 0.4674 0.2152
0 0 0 0.3616 0.6835 3.6619 9.7988 15.5738 13.3235 11.6961 10.8387 13.7588 12.6334 11.6907 16.3646 18.6255 15.543 7.4353 3.7399 1.8333 0.6214 0.244
0 0 0.1088 0.2492 12.7462 34.9944 22.1899 44.2398 18.9833 26.4156 29.8748 13.6876 17.5519 8.5257 8.0897 9.3137 7.7885 5.4134 3.2558 1.6559 0.9935 0.2829
0 0.9175 0.0448 1.4789 3.123 7.2677 16.2633 17.8056 23.7213 17.5485 13.1732 10.7162 9.0654 9.9095 11.9466 13.3297 14.1901 12.0243 10.7243 7.3654 2.1011 1.1134
0 0.0394 0.6835 5.7575 15.9384 23.1188 23.7594 23.6502 24.2018 23.0992 16.299 12.9573 9.3069 6.8933 10.4015 12.4869 11.0538 11.6803 10.1071 6.6848 2.9797 0.822
0 0.292 0.4266 0.8243 1.2695 5.7359 8.1821 11.6489 10.9118 10.2988 11.9 10.0829 7.0374 5.4341 7.4165 7.2745 6.7766 5.0373 3.8321 2.5562 0.7942 0.5833
0 0.0221 0.0269 0.6126 3.4479 2.7504 16.773 22.3995 17.9205 19.6521 23.1739 18.4571 13.036 10.2754 9.804 11.1233 8.342 5.1162 3.6891 2.3584 1.163 0.502
0 0.0464 0.4306 0.3763 0.6477 1.954 9.2753 9.6327 12.9965 14.4383 14.2778 12.7285 10.68 9.5425 9.9811 9.293 7.4869 5.1333 2.5268 1.5856 0.4426 0.3663
0 0 0.4195 0.7271 1.2885 1.6144 6.2852 6.7267 6.5155 9.7031 9.955 10.2743 10.5012 9.3543 9.3796 7.2677 5.5663 3.4354 2.5862 1.4491 0.7913 0.5941
#fishery length data
#length bins -5 mm length bins ?? bins ??+1 numbers to define bins
#retained males in 1000's of crabs
#midpt of bins 
# new shell
#27.5 32.5    37.5    42.5     47.5   52.5   57.5    62.5    67.5    72.5    77.5     82.5   87.5     92.5     97.5  102.5    107.5   112.5   117.5  122.5    127.5   132.5      
0 0 0 0 0 0 0 0 0 2 0 4 13 55 207 686 1707 2611 2159 1253 564 285
0 0 0 0 0 0 0 0 1 2 3 8 14 23 63 132 418 1224 2223 2198 1135 293
0 0 0 0 0 0 0 0 1 0 5 18 53 260 822 1892 2568 3554 4737 3769 1778 535
0 0 0 0 0 0 0 2 4 7 20 72 127 845 3181 6396 5013 2376 1062 492 158 107
0 0 0 0 0 0 0 0 0 0 0 1 2 61 483 1382 1147 589 241 79 21 4
0 0 0 0 0 0 0 0 0 0 1 3 10 60 425 1787 2884 2844 1642 568 123 27
0 0 0 0 0 0 0 1 0 0 1 22 69 261 738 1772 2402 2553 1919 903 230 43
0 0 0 0 0 0 0 0 0 1 5 18 66 360 1276 2528 3058 2937 2101 1051 361 79
0 0 0 0 0 0 0 0 0 0 0 10 39 284 972 1532 2016 1955 1375 701 209 41
0 0 0 0 0 0 0 0 0 0 0 15 75 108 462 1050 1250 1199 888 495 131 20
0 0 0 0 0 0 0 0 0 0 0 76 153 437 1367 2847 3828 4559 4195 3041 1171 285
0 0 0 0 0 0 0 1 7 11 45 78 211 818 2724 6149 6817 5622 4500 2835 1133 339
0 0 0 0 0 0 0 2 3 2 8 38 102 561 2286 6373 9549 8377 5694 2902 870 161
0 0 0 0 0 0 0 2 12 99 367 961 1966 6166 20943 48055 51339 40278 25827 13671 5142 1593
0 0 0 0 0 0 0 11 4 37 164 576 1489 3723 10023 26750 43590 56307 48682 28157 9662 2698
0 0 0 0 0 0 0 2 13 68 207 589 1152 3209 9632 23820 33835 35576 28471 16502 6179 1893
0 0 0 0 0 0 0 2 8 87 313 764 1292 3424 9025 16539 18821 17103 13057 8144 3402 1158
0 0 0 0 0 0 0 3 10 47 183 617 1566 3537 8628 14777 15116 12925 8921 5006 1756 568
0 0 0 0 0 0 0 0 4 12 54 197 674 2742 11918 31516 32518 23175 12770 5527 1740 435
0 0 0 0 0 0 0 1 2 20 44 87 271 1198 7116 26541 41192 41332 28865 14650 5637 1732
0 0 0 0 0 0 0 1 2 9 20 67 232 1209 6549 23024 35474 35887 25325 11605 3479 804
0 0 0 0 0 0 0 1.934 3.868 3.868 10.636 23.206 35.776 151.805 841.213 3167.602 5268.7 6311.031 4755.27 2482.061 648.798 165.342
0 0 0 0 0 0 0 0 0 1.388 9.715 22.207 56.905 120.055 469.812 1847.326 3181.121 4111.723 3869.531 2351.142 777.931 217.210
0.000 0.000 0.000 0.000 0.000 0.000 0.000 0.000 2.675 5.349 19.613 42.792 84.693 283.499 1124.189 3585.637 3976.117 3419.817 2583.585 1518.235 580.370 139.075
0 0 0 0 0 0 0 0 0 2 19 49 137 441 1813 4933 5083 3479 1913 784 196 45
0 0 0 0 0 0 0 1 3 4 6 8 31 127 738 2998 4700 4807 3373 1570 503 104
0 0 0 0 0 0 0 1 1 5 9 16 45 145 465 1434 2409 3176 3298 2333 1029 276
0 0 0 0 0	0	0	0	0	0	26	17	22	39	249	7257	12588	16643	17065	12140	5406	1809
0	0	0	0	0	0	0	0	0	0	1	7	16	21	85	24141	37546	21291	6847	2377	847	298
0	0	0	0	0	0	0	0	0	0	0	0	0	3	116	32800	49070	33925	16458	7117	1990	411
0	0	0	0	0	0	0	0	0	0	0	0	2	5	104	26710	39927	29913	16759	8203	2641	498
0	0	0	0	0	0	0	0	0	0	0	0	0	4	9	14505	27110	27217	23783	14580	5478	1343
0	0	0	0	0	0	0	0	0	0	0	0	0	0	6	11741	27299	37598	41816	28860	10619	2543
0	0	0	0	0	0	0	0	1	0	9	31	68	113	679	3578	7786	11958	14109	10713	4562	1376
0	0	0	0	0	0	0	0	0	0	3	13	35	153	1114	5425	8648	9018	8388	5918	2545	837
0	0	0	0	0	0	0	0	0	2	5	5	37	273	2423	8281	9583	7110	4430	2746	1147	380
0	0	0	0	0	0	0	1	1	1	0	9	22	174	1657	8454	12284	9538	5280	2695	1083	357
0 0 0 0 0 0 0 0 0 1 3 3 1 11 115 635 1038 932 923 818 560 238
#retained males
#midpt of bins 
# old shell
#27.5 32.5    37.5    42.5 47.5   52.5   57.5    62.5    67.5    72.5    77.5 82.5   87.5 92.5 97.5  102.5    107.5   112.5   117.5  122.5    127.5   132.5  
0 0 0 0 0 0 0 0 0 0 1 5 22 70 117 172 408 486 323 169 42 25
0 0 0 0 0 0 0 0 0 0 1 0 4 4 14 43 129 213 213 141 50 28
0 0 0 0 0 0 0 0 0 0 2 4 26 102 256 482 702 961 1152 772 304 83
0 0 0 0 0 0 0 0 0 2 5 13 30 150 507 977 848 498 308 172 67 55
0 0 0 0 0 0 0 0 0 1 2 4 17 41 200 383 273 133 50 16 4 4
0 0 0 0 0 0 0 0 0 0 2 2 6 45 228 586 578 410 216 113 28 2
0 0 0 0 0 0 0 0 0 3 1 3 10 53 279 722 986 923 584 266 68 20
0 0 0 0 0 0 0 0 0 0 1 8 29 143 472 1047 1197 1175 771 399 135 31
0 0 0 0 0 0 0 0 0 0 0 3 11 48 130 282 373 428 275 162 51 18
0 0 0 0 0 0 0 0 0 0 0 3 2 31 101 340 457 407 263 118 37 6
0 0 0 0 0 0 0 0 0 0 0 59 169 636 2210 5049 6020 5764 3962 2228 855 197
0 0 0 0 0 0 0 1 0 0 2 6 10 21 92 177 202 142 113 37 15 1
0 0 0 0 0 0 0 0 1 2 1 6 11 55 152 398 504 356 239 127 35 7
0 0 0 0 0 0 0 0 2 5 14 37 85 375 1293 2787 3218 3132 2251 1366 537 149
0 0 0 0 0 0 0 0 2 3 13 50 145 502 1405 3154 3914 4041 2987 1704 586 209
0 0 0 0 0 0 0 0 2 0 6 31 84 261 917 2262 2802 2632 1711 862 318 51
0 0 0 0 0 0 0 0 1 4 4 21 66 308 1011 1893 2225 2230 1649 959 362 92
0 0 0 0 0 0 0 1 6 8 29 64 163 531 1734 4095 5534 5300 3618 1744 552 122
0 0 0 0 0 0 0 0 1 1 10 16 19 67 282 894 993 902 602 407 175 57
0 0 0 0 0 0 0 0 2 3 16 25 58 114 377 897 1017 729 467 175 64 15
0 0 0 0 0 0 0 2 2 4 12 32 47 141 363 686 781 701 384 210 59 12
0 0 0 0 0 0 0 0.967 0.967 0 0.967 4.835 0.967 27.074 106.36 267.834 273.636 232.059 152.772 93.79 34.809 13.537
0 0 0 0 0 0 0 0 0.000 0.694 1.388 4.858 8.328 18.043 73.560 213.046 337.265 389.313 303.955 158.917 69.396 12.491
0.000 0.000 0.000 0.000 0.000 0.000 0.892 0.000 0.000 0.892 0.892 3.566 16.939 37.443 187.216 911.119 1619.867 1988.059 1682.272 965.501 320.051 73.995
0 0 0 0 0 0 0 0 0 1 0 4 28 87 289 737 883 730 554 227 83 21
0 0 0 0 0 0 0 0 0 0 2 4 7 46 218 611 754 637 459 255 83 19
0 0 0 0 0 0 0 0 0 1 1 4 3 13 106 308 533 526 381 195 69 10
0 0 0 0 0	0	0	0	0	0	2	3	6	4	27	829	1821	2682	2816	1947	915	342
0	0	0	0	0	0	0	0	0	0	0	2	4	6	5	637	1530	2050	2253	1919	1022	414
0	0	0	0	0	0	0	0	0	0	0	0	0	0	1	1551	2987	2337	945	483	202	93
0	0	0	0	0	0	0	0	0	0	0	0	0	2	9	2187	3291	2787	1206	531	184	54
0	0	0	0	0	0	0	0	0	0	0	0	0	0	2	1106	2010	1458	950	522	188	51
0	0	0	0	0	0	0	0	0	0	0	0	0	0	1	485	1083	1130	1004	684	321	115
0	0	0	0	0	0	0	0	0	0	2	0	0	11	45	256	527	768	863	652	301	91
0	0	0	0	0	0	0	0	1	0	0	0	2	9	80	338	677	936	1042	777	276	95
0	0	0	0	0	0	0	0	0	0	0	0	1	5	35	237	522	629	602	363	162	34
0	0	0	0	0	0	0	0	0	0	1	7	6	28	171	845	1082	851	523	364	189	57
0 0 0 0 0 0 0 0 0 0 0 1 0 0 13 60 136 135 76 45 32 7
#discarded females
#by year- 95-03
#new shell+ old shell
#27.5 32.5 37.5 42.5 47.5 52.5 57.5 62.5 67.5 72.5 77.5 82.5 87.5 92.5 97.5 102.5 107.5 112.5 117.5 122.5 127.5 132.5
0 0 0 0 1 10 38 67 78 87 33 10 12 24 0 0 0 0 0 0 0 0
0 0 0 0 1 3 16 23 41 24 11 8 3 0 0 0 0 0 0 0 0 0
0 0 0 0 1 1 63 141 172 157 32 3 8 0 0 0 0 0 0 0 0 0
0 0 1 0 0 3 10 19 20 22 3 2 0 0 0 0 0 0 0 0 0 0
0 0 0 1 3 6 18 22 20 1 0 0 0 0 0 0 0 0 0 0 0 0
0 0 0 1 3 6 18 22 20 1 0 0 0 0 0 0 0 0 0 0 0 0
0 0 0 1 3 6 18 22 20 1 0 0 0 0 0 0 0 0 0 0 0 0
0 0 0 0 0 2 12 17 22 7 2 0 0 0 0 0 0 0 0 0 0 0
0 0 0 0 0 2 12 17 22 7 2 0 0 0 0 0 0 0 0 0 0 0
0 0 0 0 0 2 2 1 2 0 1 0 0 1 0 0 0 0 0 0 0 0
0	0	0	0	0	8	33	37	29	10	9	1	0	0	0	0	0	0	0	0	0	0
0	0	0	0	0	0	2	8	19	15	9	1	3	0	0	0	0	0	0	0	0	0
0	0	0	0	0	0	4	75	94	111	49	14	12	4	1	1	0	0	0	0	0	0
0	0	0	0	0	0	10	76	122	170	74	6	2	1	0	0	0	0	0	0	0	0
0	0	0	0	0	1	1	23	79	95	37	7	1	2	0	0	0	0	0	0	0	0
0	0	0	0	0	8	42	110	132	127	31	7	5	0	2	0	0	0	0	0	0	0
0	0	2	27	171	1485 1678 1068 854 257 44 10 3	3	5	0	0	0	0	0	0	0
0	0	0	3	13	49	94	148	236	544	390	105	22	1	2	0	0	0	0	0	0	0
0	0	0	0	1	29	130	289	537	1115	683	119	22	6	1	0	0	0	0	0	0	0
0	0	0	0	1	63	204	455	1315	2277	1242	162	33	12	3	1	0	0	0	0	0	0
0 0 0 0 1 43 116 269 590 842 377 48 12 1 1 1 1 0 0 0 0 0
#discard males new
#1992-2002 +1 for fishery year, new shell
0 0 0 0 0 1.60980863 3.21961726 22.87135741 113.1007644 838.5167577 1842.50356 3768.638171 5456.075905 7292.363653 7080.198938 5499.93264 0 0 0 0 0 0
0 0 0 0 0 0 1.289576426 0 0 0 1232.574141 7927.124889 8760.602972 10829.85483 10199.62214 5803.906588 4192.992906 0 0 0 0 0
0 0 0 0 0 1.284907061 29.99615535 255.9213115 988.472368 3991.535807 7430.866312 8396.873316 7129.35648 5970.937603 4070.458207 2274.205297 1510.120464 0 0 0 0 0
0 0 0 0 0 0 14.36182238 135.8162477 423.9971808 1770.047941 3957.96571 6760.937506 8396.041515 8877.78201 5610.155685 1843.662514 349.7033269 0 0 0 0 0
0 0 0 0 0 0 8.768298993 54.07117713 221.4899887 835.4517965 2504.935636 6296.987364 11425.3534 19307.31627 21712.70387 9855.713548 0 0 0 0 0 0
0 0 0 0 0 0 3.014040139 7.535100348 63.29484292 280.305733 738.4398341 1514.55517 3387.781117 8110.782015 15692.59999 9078.288899 920.7892625 320.9952748 281.812753 176.3213481 94.94226439 28.63338132
0 0 0 0 0 0 5.060482681 10.12096536 48.07458547 184.7076179 420.0200625 1211.985602 2859.172715 7967.729982 13200.26907 4460.815484 313.7499262 268.2055821 172.0564112 86.02820558 12.6512067 2.530241341
0 0 0 0 0 0 0 22.10956151 30.95338611 106.1258952 128.2354568 291.8462119 451.0350548 1078.946602 1667.060938 159.1888429 22.10956151 22.10956151 8.843824604 4.421912302 8.843824604 0
0 0 0 0 0 0 0.844 7.598 21.105 40.522 133.384 322.486 547.044 717.574 1173.444 312.356 115.656 0.000 0.000 0.000 0.000 0.000
0 0 0 0 0 1.720 4.301 5.161 30.105 140.202 362.116 875.614 1257.513 1703.921 2551.151 1035.599 249.438 172.026 157.404 78.272 28.384 6.021
0 0 0 0 0 0 0 0 0 402 966 2012 3060 4617 4797 2278 517 0 0 0 0 1
0 0 0 0 0 1 3 6 15 76 148 328 596 1353 1822 1208 340 164 219 166 0 21
0 0 0 0 1 2 3 87 196 344 384 503 623 1043 1296 454 20 3 2 4 2 0
0 0 0 0 3	16	44	101	263	594	1723	3664	4905	5234	6573	2453	1005	1254	1319	942	395	97
0	0	0	0	0	0	10	46	94	395	1412	5095	8982	11763	18942	9711	607	428	176	77	43	23
0	0	0	0	0	0	0	0	0	0	283	3528	6598	13914	26137	12604	942	532	243	93	30	7
0	0	0	0	0	0	0	14	50	181	520	1676	3718	9471	21572	10632	513	271	128	71	22	2
0	0	0	0	0	0	0	0	0	0	177	1218	2186	5413	12934	7435	229	213	155	95	32	6
0	0	0	0	0	0	1	5	19	60	129	338	785	2733	8392	5612	309	332	338	244	93	30
0	0	0	0	0	0	1	5	19	60	129	338	785	2733	8392	5612	309	332	338	244	93	30
0	0	1	0	0	3	28	145	322	699	1867	4106	6229	9646	19248	12360	672	699	667	471	185	57
0	0	0	0	0	0.291611989	0.833177113	5.665604366	13.87239893	42.10434654	120.6538135	304.5360023	473.8001229	780.4870695	901.1236384	0	0	0	0	0	0	0
0	0	0	0	0	0	16	116	317	1076	2869	6048	8127	12655	23715	13425	337	192	110	54	20	6
0 0 0 0 0 2 20 62 278 799 2105 4277 6725 11427 17697 9570 2498 1637 996 641 343 124
#discard males old shell
0 0 0 0 0 1.60980863 27.36674671 32.1961726 50.11114769 104.1432769 245.2320285 460.7528464 691.9378408 1391.337901 1849.456251 1435.723566 986.3967979 1074.40249 791.4119108 429.1722553 117.0177903 0
0 0 0 0 0 0 0 0 0 1.289576426 65.20014936 448.8456581 724.5239329 1098.502263 1075.920783 164.9058293 0 0 0 0 0 0
0 0 0 0 0 0 3.912542002 18.25852934 94.70404874 264.0482962 587.4851017 830.672591 943.7560819 1027.236574 746.6651138 474.2031489 357.383545 244.0224884 224.7898109 80.2044578 33.77714175 0
0 0 0 0 0 0 6.528101084 37.43836126 134.5423726 449.653215 909.4537473 1457.314185 1538.004608 1850.460256 1895.830564 2552.734175 2571.007709 2353.104252 1653.336849 703.4699163 223.8796823 0
0 0 0 0 0 0 4.384149497 32.15042964 121.8654312 335.2273734 445.5826175 368.6303142 341.1145363 329.0473571 174.0696757 0 0 0 0 0 0 0
0 0 0 0 0 1.50702007 12.05616056 39.18252181 129.603726 455.120061 831.8750784 1228.221357 1630.595715 2197.235262 2194.221221 1232.742417 559.1044458 314.9671946 162.7581675 63.29484292 10.54914049 4.521060209
0 0 0 0 0 2.530241341 5.060482681 40.48386145 108.8003776 250.4938927 457.9736827 948.8405027 1363.800083 2107.691037 2520.120375 1482.721426 984.2638815 693.2861273 480.7458547 326.4011329 73.37699888 30.36289609
0 0 0 0 0 0 0 8.843824604 17.68764921 26.53147381 57.48485992 88.43824604 110.5478075 150.3450183 331.6434226 114.9697198 150.3450183 97.28207064 110.5478075 84.01633373 35.37529841 0
0 0 0 0 0 0 0.844 3.377 7.598 16.040 34.612 62.471 75.978 174.750 320.798 215.272 216.116 243.975 243.131 134.229 50.652 11.819
0 0 0 0 0 0.000 3.441 14.622 41.286 140.202 245.998 385.339 499.737 778.419 1232.569 1131.073 806.804 754.336 608.973 322.549 101.496 15.482
0 0 0 0 0 0 0 0 0 129 272 463 554 815 1161 1094 710 474 181 77 0 12
0 0 0 0 0 0 0 1 7 29 27 38 20 0 0 0 0 0 0 0 0 0
0 0 0 0 0 0 2 3 15 45 73 99 180 236 294 104 11 5 2 1 1 0
0 0 0 0 0	0	5	19	51	106	222	343	581	948	1665	1676	1562	1476	1133	596	207	54
0	0	0	0	0	0	10	51	105	423	1122	564	874	1048	1236	1073	825	973	700	510	249	87
0	0	0	0	0	0	0	0	0	0	38	333	511	643	1185	1100	500	482	359	181	106	37
0	0	0	0	1	0	1	5	38	50	80	281	510	858	1606	1717	1562	1047	420	144	40	8
0	0	0	0	0	0	0	0	0	0	35	275	406	649	1302	906	292	157	73	38	20	4
0	0	0	0	0	0	0	1	4	17	32	68	123	310	702	809	494	449	322	198	76	27
0	0	0	0	0	0	0	1	4	17	32	68	123	310	702	809	494	449	322	198	76	27
0	0	0	0	0	0	3	19	32	64	111	195	357	844	1944	2746	2535	2495	2178	1330	507	186
0	0	0	0	0	0	0.124976567	0.95815368	1.874648503	4.874086109	8.623383116	16.49690683	24.65566428	44.12649571	90.59306648	110.1757464	62.15827381	34.8141333	0.284519348	0	0	0
0	0	0	0	0	2	5	34	93	365	1193	2631	2949	2624	3805	2638	946	546	319	171	92	40
0 0 0 0 0 0 0 0 0 0 66 611 909 1340 2234 1863 1137 643 340 199 80 27
#trawl bycatch domestic observer data 1991- 2007 females first then males
#females
146	123	86	130	221	304	408	538	580	411	155	40	16	2	5	0	0	0	0	0	0	0
84	465	516	487	406	291	319	185	110	55	20	8	11	8	9	0	0	0	0	0	0	0
2	10	141	387	263	185	29	13	5	1	2	2	1	0	0	0	0	0	0	0	0	0
0	0	1	0	0	0	2	0	4	1	0	0	0	0	0	0	0	0	0	0	0	0
6	5	3	10	36	28	32	18	7	1	1	1	0	0	0	0	0	0	0	0	0	0
0	0	0	2	5	2	5	7	9	3	2	1	0	0	1	0	0	0	0	0	0	0
0	0	2	20	217	501	768	452	227	66	20	19	18	10	5	0	0	0	0	0	0	0
7	4	9	32	136	288	211	128	67	22	10	5	8	3	3	0	0	0	0	0	0	0
4	5	18	17	32	57	53	29	24	8	8	1	4	2	3	0	0	0	0	0	0	0
9	15	73	167	143	272	342	201	98	22	9	11	5	3	0	0	0	0	0	0	0	0
2	26	23	55	36	125	174	108	92	34	12	5	5	5	2	0	0	0	0	0	0	0
3	5	14	38	44	138	172	112	77	37	24	12	6	10	5	0	0	0	0	0	0	0
4	9	6	10	61	140	152	146	92	33	15	18	1	9	11	0	0	0	0	0	0	0
57	821	408	152	122	208	259	254	179	74	30	16	5	6	7	0	0	0	0	0	0	0
83	160	201	532	1279	1685	723	180	128	57	34	15	3	4	1	0	0	0	0	0	0	0
4	8	12	42	161	413	550	360	226	132	61	20	7	7	2	0	0	0	0	0	0	0
3	35	104	511	1170	1350	859	325	105	35	28	10	6	10	7	0	0	0	0	0	0	0
6	10	9	19	75	208	366	311	326	188	76	46	30	22	11	5	2	3	2	0	1	0
1	4	7	8	40	136	278	316	274	153	49	16	12	10	8	3	4	2	0	0	1	0
5	45	18	22	167	608	865	675	475	192	48	19	18	9	11	2	2	0	0	1	0	2
0	7	9	72	196	280	345	359	372	177	67	27	14	7	8	4	1	2	0	0	0	0
4	3	6	20	48	188	272	381	425	263	128	52	16	7	7	8	1	1	1	2	0	1
438	1409	1450	2537	4274	7340	9661	7814	6451	3479	1557	780	505	348	232	0	0	0	0	0	0	0
4	39	39	151	230	187	165	155	168	167	107	52	29	13	5	6	3	2	2	0	0	0
14 27 37 137 226 285 472 453 248 136 36 13 13 9 6 6 6 5 7 5 2 4
#trawl bycatch domestic observer data 1991- 2002
#males
220	258	157	281	309	265	260	279	278	274	461	579	914	1331	1405	1064	780	705	588	362	228	79
84	401	536	664	841	463	470	346	277	180	222	155	180	200	273	348	429	509	464	293	137	46
0	2	15	111	170	198	286	259	164	141	156	127	94	91	93	86	72	137	96	42	16	3
0	0	0	1	1	4	6	7	4	4	11	20	50	81	146	206	242	231	181	89	39	24
1	6	1	16	48	92	106	93	120	75	62	60	75	114	139	168	209	232	161	99	57	24
0	3	3	1	3	3	9	30	21	34	31	16	29	39	55	60	37	28	25	20	10	1
3	3	3	0	7	28	104	175	239	340	493	609	1084	1581	1745	1539	1195	949	507	271	128	68
9	5	9	7	8	21	32	51	124	197	320	554	904	1535	2112	2195	2162	1845	1227	487	182	37
6	5	9	6	7	29	76	92	98	170	179	359	689	1284	1846	2038	2152	1975	1523	808	281	76
10	25	92	140	133	223	492	684	656	586	563	611	868	1193	1504	1949	2607	2901	2443	1358	461	118
7	7	32	23	28	49	152	302	389	434	493	457	558	838	1313	1835	2095	2209	1810	1019	386	107
4	5	12	27	17	39	156	308	441	591	847	955	1049	1383	1835	2099	2234	2046	1603	944	347	106
1	5	8	7	24	58	124	257	410	535	667	847	1212	1739	2587	2887	2924	2553	1736	934	357	87
23	867	431	177	65	111	445	789	754	765	748	705	825	1079	1415	1619	1673	1633	1383	900	464	139
54	82	91	242	584	749	578	670	799	811	1004	1175	1371	1399	1472	1591	1589	1862	1976	1539	813	283
5	8	5	23	58	74	141	284	445	526	804	1217	1396	1145	1330	1719	1793	2063	2007	1691	909	375
3	9	10	41	89	179	360	490	737	812	1087	1516	1646	2179	2874	3417	3090	1957	1055	529	218	87
6	23	7	15	24	76	254	607	854	908	852	972	1014	992	985	1158	943	734	418	214	104	77
5	8	5	10	8	24	95	273	435	507	525	497	500	484	526	578	552	523	422	311	162	123
8	52	20	31	66	63	181	355	469	534	667	785	1081	1313	1292	878	646	505	483	387	213	105
6	16	26	91	179	122	260	463	543	515	704	774	815	815	796	653	524	487	491	374	256	151
6	9	11	22	57	190	560	787	641	505	674	836	800	671	660	673	613	546	518	393	246	165
570	1497	1591	2348	3043	3965	7804	12359	15888	18131	18949	18693	20635	24395	30031	33644	35411	34331	28672	19717	9833	5816
27	41	23	68	120	106	167	270	368	492	541	643	650	795	1040	1264	1226	1044	865	649	394	230
27 16 67 229 242 247 606 884 694 668 716 832 753 672 815 964 1097 981 942 923 676 419
#fishery catch retained males 1978-1999
#year retained catch in numbers is first then  catch in lbs
40209498
50016937
44622122
24089562
23853647
24009935
52903246
76499123
81307659
105716337 
112618881
128977638 
265123960 
227376582
169558842
114779014
60611411
52912823
99975539
193518976
151044444
25081687
19427987
25154884
23252904
18669591 
17985745
24551191
29679691
52528333
45945093
35289023
37682777.78
60555105
47455883
41926542
55029808
29614529
29614529
# retained catch in pounds
52272347
75025406
66933183
29355374
26128410
26813074
65998875
97984539
101903388
135354637
149455848
161821350
328647269
315302034
230787000
149775765
75252677
65712797
119543024
252188358
194199905
33291346
25256384
32632783
28316923
23942372
24892128
36973890
36355649
63034000
58547849
48014089
54263200
88830652
66254528
53983286
67941587
40611466
40611466
# Discard Catch from observer ; numbers
# females
269403
335113
298968
169020
230037
161018
159441
160486
353613
511332
543473
706625
752762
862107
1772131
1183510
854100
231548
1022237
79847
96499
5898
6200
6200
62764
9216
9216
34732
10957
157270
121203
107381.3146
89454
2609281
408320
962956 
2494594
1015308
1015308
# discard catch males
14073324.3
17505927.95
15617742.7
6150747.398
5548839.475
3130975.442
8938106.052
14636906.25
14099049.86
18509984.98
15265813.17
19036888.45
137818973.2
48075172.21
159672564
51899054
47879900
56339210
73983210
51590199
41569948
4743115
5203676
15740000
14008926 
4877491
5506300
11248401
16302971
22369897
17708890
10657114.21
4884125
13392922
19067357
33090976
33430131
25774171
25774171
# trawl bycatch numbers by geartype (almost all is trawl)
#hook and line, groundfish pot, trawl
13182600
10530000
7660500
3196200
1300100
1675450
1780080
1528020
6563120
19240
2354140
2732580
2090000
8055539.0
11322144.11
13005649.49
8358618.602
4487702.583
3300645.437
5303373.845
2902384.799
1573102.745
1525046.494
1049054.948
665945.550
2144947.259
3488973.544
1330753.143
2347504.84
1592107.757
1094726.66
2343959.994
717073.7063
661567.1727
896406.4744
410461.2673
515910.6573
517668.0
517668.0
#survey numbers by year male+female millions of crab 1978-1979 old data
4644.7
12895.3
8490.740322
3936.358815
4321.343484
3342.778736
2683.147176
866.916813
2365.482019
8969.987067
7796.167172
8594.021135
7102.003619
9776.041896
7000.437412
10293.89418
9112.238738
7893.979185
4977.796879
3795.467536
2809.221867
1286.756494
3114.902933
3355.321227
1334.943458
2384.393283
3878.914318
4602.704965
2860.331767
2917.583394
2306.875891
3058.185031
7450.360635
6336.295694
5329.87256
4420.04041
5138.318739
4288.008539
5369.772834
#survey biomass cv(these are from the survey reports) have 1988 to present
#females
0.2
0.2
0.316
0.167
0.153
0.197
0.194
0.199
0.183
0.160
0.168
0.254
0.186
0.191
0.185
0.158
0.153
0.141
0.140
0.196
0.253
0.210
0.517
0.283
0.276
0.311
0.265
0.172
0.175
0.223
0.191
0.206
0.175
0.178
0.197
0.175
0.188
0.167
0.206
#survey biomass cv(these are from the survey reports) only have 1989, 1994-1999
#male biomass cv
0.12
0.12
0.168
0.110
0.138
0.126
0.118
0.106
0.112
0.107
0.149
0.107
0.139
0.147
0.094
0.105
0.084
0.127
0.125
0.095
0.090
0.090
0.136
0.116
0.227
0.119
0.138
0.113
0.260
0.147
0.102
0.128
0.122
0.114
0.119
0.118
0.164
0.118
0.108
 #juvenile female wt(kg) at length parameters a,b  wt=a*Length^b a=0.00000253 b=2.56472- these from somerton phd
# 0.0124 0.0191 0.0275 0.0380 0.0505 0.0653 0.0824 0.1021 0.1244 0.1494 0.1773 0.2081 0.2420 0.2791 0.3194 0.3631 0.4103 0.4611 0.5155 0.5736 0.6356 0.7015
#mature female wt(kg) at length parameters a,b  wt=a*Length^b a=0.000675 b=2.943352 - these from kodiak survey program
# 0.011635004	0.0190243	0.028988908	0.041901116	0.058130393	0.078043745	0.102005982	0.130379951	0.163526707	0.20180567	0.245574754	0.295190472	0.351008036	0.41338144	0.482663532	0.559206078	0.643359827	0.735474555	0.835899119	0.944981499	1.063068834	1.190507464
#male wt(kg) at length parameters a,b  wt=a*Length^b a=0.00000023 b=3.12948
# 0.0073 0.0124 0.0194 0.0287 0.0406 0.0556 0.0739 0.0959 0.1220 0.1526 0.1880 0.2287 0.2749 0.3271 0.3857 0.4511 0.5236 0.6036 0.6916 0.7880 0.8931 1.0073
#female maturity at length logistic curve slope, then 50%
#this is sept 2009 assessment prob maturing
0	0	0	0.020079922	0.040636481	0.045048295	0.06674462	0.090144803	0.114863558	0.116531514	0.127760566	0.124320325	0.136413541	0.349351503	0.54031777	0.799839958	0.883395008	0.918472357	0.945064115	0.969343821	0.98481563	1
#female maturity for new shell from 
0	0.003220477	0.020134116	0.115576845	0.453881459	0.840908052	0.971111565	0.995344317	0.99926507	0.99988437	0.999981817	0.999997141	0.99999955	0.999999929	0.999999989	0.999999998	1	1	1	1	1	1
#average of 1989 to 1999 maturity fraction new shell males
0.000 0.000 0.000 0.065 0.145 0.215 0.264 0.314 0.343 0.407 0.441 0.409 0.418 0.479 0.601 0.761 0.893 0.933 0.938 0.970 0.910 0.993
#female maturity for old shell - assume all are mature
1.0 1.0 1.0 1.0 1.0 1.0 1.0 1.0 1.0 1.0 1.0 1.0 1.0 1.0 1.0 1.0 1.0 1.0 1.0 1.0 1.0 1.0 
#male maturity old shell to use with no skip molting for immature crab
1.0 1.0 1.0 1.0 1.0 1.0 1.0 1.0 1.0 1.0 1.0 1.0 1.0 1.0 1.0 1.0 1.0 1.0 1.0 1.0 1.0 1.0 
#female maturity for new shell
0.000 0.000 0.010 0.479 0.708 0.867 0.871 0.933 0.943 0.924 1.000 1.000 1.000 1.000 1.000 1.000 1.000 1.000 1.000 1.000 1.000 1.000
0.000 0.020 0.099 0.118 0.449 0.872 0.890 0.930 0.977 0.929 0.685 1.000 1.000 1.000 1.000 1.000 1.000 1.000 1.000 1.000 1.000 1.000
0.000 0.000 0.007 0.178 0.791 0.949 0.960 0.975 0.968 0.960 1.000 1.000 1.000 1.000 1.000 1.000 1.000 1.000 1.000 1.000 1.000 1.000
0.000 0.194 0.000 0.670 0.827 0.896 0.857 0.849 0.939 0.961 0.983 0.953 1.000 1.000 1.000 1.000 1.000 1.000 1.000 1.000 1.000 1.000
0.000 0.000 0.471 0.845 0.949 0.937 0.959 0.977 0.986 0.983 1.000 0.848 1.000 1.000 1.000 1.000 1.000 1.000 1.000 1.000 1.000 1.000
0.000 0.000 0.080 0.717 0.746 0.884 0.970 0.981 0.995 1.000 1.000 1.000 1.000 1.000 1.000 1.000 1.000 1.000 1.000 1.000 1.000 1.000
0.000 0.000 0.020 0.072 0.287 0.700 0.905 0.954 0.989 0.773 1.000 1.000 1.000 1.000 1.000 1.000 1.000 1.000 1.000 1.000 1.000 1.000
0.000 0.000 0.005 0.016 0.242 0.705 0.822 0.866 0.931 1.000 1.000 1.000 1.000 1.000 1.000 1.000 1.000 1.000 1.000 1.000 1.000 1.000
0.000 0.000 0.002 0.005 0.100 0.457 0.435 0.515 0.586 0.044 1.000 1.000 1.000 1.000 1.000 1.000 1.000 1.000 1.000 1.000 1.000 1.000
0.000 0.000 0.008 0.052 0.222 0.508 0.509 0.604 0.865 0.941 0.801 1.000 1.000 1.000 1.000 1.000 1.000 1.000 1.000 1.000 1.000 1.000
0.000 0.001 0.014 0.187 0.550 0.815 0.802 0.872 0.967 0.995 0.992 1.000 1.000 1.000 1.000 1.000 1.000 1.000 1.000 1.000 1.000 1.000
0.037 0.000 0.058 0.187 0.469 0.674 0.697 0.792 0.922 0.970 0.897 0.866 1.000 1.000 1.000 1.000 1.000 1.000 1.000 1.000 1.000 1.000
0.000 0.000 0.000 0.031 0.201 0.492 0.450 0.464 0.838 0.566 0.272 1.000 1.000 1.000 1.000 1.000 1.000 1.000 1.000 1.000 1.000 1.000
0.000 0.000 0.004 0.026 0.119 0.393 0.470 0.452 0.789 0.909 1.000 1.000 1.000 1.000 1.000 1.000 1.000 1.000 1.000 1.000 1.000 1.000
0.000 0.001 0.028 0.165 0.268 0.699 0.743 0.759 0.931 0.989 0.981 1.000 1.000 1.000 1.000 1.000 1.000 1.000 1.000 1.000 1.000 1.000
0.000 0.001 0.003 0.117 0.384 0.749 0.786 0.864 0.973 0.968 1.000 1.000 1.000 1.000 1.000 1.000 1.000 1.000 1.000 1.000 1.000 1.000
0.012 0.000 0.008 0.191 0.481 0.733 0.857 0.927 0.952 0.950 1.000 1.000 1.000 1.000 1.000 1.000 1.000 1.000 1.000 1.000 1.000 1.000
0.000 0.000 0.011 0.303 0.642 0.817 0.927 0.959 0.976 0.956 0.703 1.000 1.000 1.000 1.000 1.000 1.000 1.000 1.000 1.000 1.000 1.000
0.000 0.000 0.141 0.503 0.673 0.812 0.895 0.962 0.961 0.934 1.000 1.000 1.000 1.000 1.000 1.000 1.000 1.000 1.000 1.000 1.000 1.000
0.000 0.000 0.000 0.312 0.499 0.827 0.920 0.984 0.965 1.000 1.000 1.000 1.000 1.000 1.000 1.000 1.000 1.000 1.000 1.000 1.000 1.000
0.000 0.000 0.011 0.016 0.144 0.342 0.520 0.551 0.968 0.948 1.000 1.000 1.000 1.000 1.000 1.000 1.000 1.000 1.000 1.000 1.000 1.000
0.000 0.000 0.000 0.184 0.509 0.687 0.711 0.447 0.550 0.747 0.662 1.000 1.000 1.000 1.000 1.000 1.000 1.000 1.000 1.000 1.000 1.000
0.000 0.000 0.000 0.029 0.371 0.750 0.831 0.853 0.930 0.905 0.905 1.000 1.000 1.000 1.000 1.000 1.000 1.000 1.000 1.000 1.000 1.000
0.000 0.000 0.000 0.007 0.348 0.712 0.786 0.880 0.935 0.986 1.000 1.000 1.000 1.000 1.000 1.000 1.000 1.000 1.000 1.000 1.000 1.000
0.000 0.000 0.000 0.006 0.142 0.317 0.446 0.911 0.992 1.000 1.000 1.000 1.000 1.000 1.000 1.000 1.000 1.000 1.000 1.000 1.000 1.000    
0.0304 0.0661 0.1377 0.2650 0.4486 0.6475 0.8056 0.9034 0.9548 0.9795 0.9908 0.9959 0.9982 1.0000 1.0000 1.0000 1.0000 1.0000 1.0000 1.0000 1.0000 1.0000
0.0304 0.0661 0.1377 0.2650 0.4486 0.6475 0.8056 0.9034 0.9548 0.9795 0.9908 0.9959 0.9982 1.0000 1.0000 1.0000 1.0000 1.0000 1.0000 1.0000 1.0000 1.0000
0.0304 0.0661 0.1377 0.2650 0.4486 0.6475 0.8056 0.9034 0.9548 0.9795 0.9908 0.9959 0.9982 1.0000 1.0000 1.0000 1.0000 1.0000 1.0000 1.0000 1.0000 1.0000
0.0304 0.0661 0.1377 0.2650 0.4486 0.6475 0.8056 0.9034 0.9548 0.9795 0.9908 0.9959 0.9982 1.0000 1.0000 1.0000 1.0000 1.0000 1.0000 1.0000 1.0000 1.0000
0.0304 0.0661 0.1377 0.2650 0.4486 0.6475 0.8056 0.9034 0.9548 0.9795 0.9908 0.9959 0.9982 1.0000 1.0000 1.0000 1.0000 1.0000 1.0000 1.0000 1.0000 1.0000
0.0304 0.0661 0.1377 0.2650 0.4486 0.6475 0.8056 0.9034 0.9548 0.9795 0.9908 0.9959 0.9982 1.0000 1.0000 1.0000 1.0000 1.0000 1.0000 1.0000 1.0000 1.0000
0.0304 0.0661 0.1377 0.2650 0.4486 0.6475 0.8056 0.9034 0.9548 0.9795 0.9908 0.9959 0.9982 1.0000 1.0000 1.0000 1.0000 1.0000 1.0000 1.0000 1.0000 1.0000
0.0304 0.0661 0.1377 0.2650 0.4486 0.6475 0.8056 0.9034 0.9548 0.9795 0.9908 0.9959 0.9982 1.0000 1.0000 1.0000 1.0000 1.0000 1.0000 1.0000 1.0000 1.0000
0.0304 0.0661 0.1377 0.2650 0.4486 0.6475 0.8056 0.9034 0.9548 0.9795 0.9908 0.9959 0.9982 1.0000 1.0000 1.0000 1.0000 1.0000 1.0000 1.0000 1.0000 1.0000
0.0304 0.0661 0.1377 0.2650 0.4486 0.6475 0.8056 0.9034 0.9548 0.9795 0.9908 0.9959 0.9982 1.0000 1.0000 1.0000 1.0000 1.0000 1.0000 1.0000 1.0000 1.0000
0.0304 0.0661 0.1377 0.2650 0.4486 0.6475 0.8056 0.9034 0.9548 0.9795 0.9908 0.9959 0.9982 1.0000 1.0000 1.0000 1.0000 1.0000 1.0000 1.0000 1.0000 1.0000
0.0304 0.0661 0.1377 0.2650 0.4486 0.6475 0.8056 0.9034 0.9548 0.9795 0.9908 0.9959 0.9982 1.0000 1.0000 1.0000 1.0000 1.0000 1.0000 1.0000 1.0000 1.0000
0.0304 0.0661 0.1377 0.2650 0.4486 0.6475 0.8056 0.9034 0.9548 0.9795 0.9908 0.9959 0.9982 1.0000 1.0000 1.0000 1.0000 1.0000 1.0000 1.0000 1.0000 1.0000
0.0304 0.0661 0.1377 0.2650 0.4486 0.6475 0.8056 0.9034 0.9548 0.9795 0.9908 0.9959 0.9982 1.0000 1.0000 1.0000 1.0000 1.0000 1.0000 1.0000 1.0000 1.0000
#male maturity for new shell by year maturity survey data 1989 to 2000, other years is average
0.000 0.000 0.000 0.065 0.145 0.215 0.264 0.314 0.343 0.407 0.441 0.409 0.418 0.479 0.601 0.761 0.893 0.933 0.938 0.970 0.910 0.993
0.000 0.000 0.000 0.065 0.145 0.215 0.264 0.314 0.343 0.407 0.441 0.409 0.418 0.479 0.601 0.761 0.893 0.933 0.938 0.970 0.910 0.993
0.000 0.000 0.000 0.065 0.145 0.215 0.264 0.314 0.343 0.407 0.441 0.409 0.418 0.479 0.601 0.761 0.893 0.933 0.938 0.970 0.910 0.993
0.000 0.000 0.000 0.065 0.145 0.215 0.264 0.314 0.343 0.407 0.441 0.409 0.418 0.479 0.601 0.761 0.893 0.933 0.938 0.970 0.910 0.993
0.000 0.000 0.000 0.065 0.145 0.215 0.264 0.314 0.343 0.407 0.441 0.409 0.418 0.479 0.601 0.761 0.893 0.933 0.938 0.970 0.910 0.993
0.000 0.000 0.000 0.065 0.145 0.215 0.264 0.314 0.343 0.407 0.441 0.409 0.418 0.479 0.601 0.761 0.893 0.933 0.938 0.970 0.910 0.993
0.000 0.000 0.000 0.065 0.145 0.215 0.264 0.314 0.343 0.407 0.441 0.409 0.418 0.479 0.601 0.761 0.893 0.933 0.938 0.970 0.910 0.993
0.000 0.000 0.000 0.065 0.145 0.215 0.264 0.314 0.343 0.407 0.441 0.409 0.418 0.479 0.601 0.761 0.893 0.933 0.938 0.970 0.910 0.993
0.000 0.000 0.000 0.065 0.145 0.215 0.264 0.314 0.343 0.407 0.441 0.409 0.418 0.479 0.601 0.761 0.893 0.933 0.938 0.970 0.910 0.993
0.000 0.000 0.000 0.065 0.145 0.215 0.264 0.314 0.343 0.407 0.441 0.409 0.418 0.479 0.601 0.761 0.893 0.933 0.938 0.970 0.910 0.993
0.000 0.000 0.000 0.065 0.145 0.215 0.264 0.314 0.343 0.407 0.441 0.409 0.418 0.479 0.601 0.761 0.893 0.933 0.938 0.970 0.910 0.993
0.000 0.000 0.000 0.067 0.105 0.219 0.303 0.373 0.329 0.283 0.316 0.383 0.472 0.547 0.690 0.853 0.948 0.918 0.963 0.939 1.000 1.000
0.000 0.000 0.000 0.089 0.163 0.119 0.161 0.206 0.272 0.403 0.395 0.412 0.306 0.364 0.511 0.560 0.800 0.912 0.905 1.000 0.950 1.000
0.000 0.000 0.000 0.049 0.054 0.152 0.168 0.252 0.226 0.264 0.340 0.386 0.284 0.363 0.468 0.654 0.826 0.950 0.963 0.928 0.921 1.000
0.000 0.000 0.000 0.051 0.174 0.250 0.315 0.293 0.321 0.491 0.528 0.468 0.492 0.512 0.631 0.791 0.898 0.937 0.949 0.970 0.893 0.941
0.000 0.000 0.000 0.125 0.184 0.302 0.425 0.496 0.606 0.669 0.711 0.647 0.735 0.732 0.779 0.821 0.924 0.937 0.944 0.986 0.973 1.000
0.000 0.000 0.000 0.100 0.225 0.157 0.220 0.282 0.295 0.322 0.362 0.314 0.375 0.430 0.488 0.739 0.877 0.940 0.886 1.000 0.909 1.000
0.000 0.000 0.000 0.000 0.140 0.333 0.224 0.193 0.291 0.401 0.423 0.424 0.416 0.573 0.664 0.765 0.897 0.944 0.897 0.967 0.818 1.000
0.000 0.000 0.000 0.000 0.000 0.208 0.318 0.278 0.370 0.435 0.477 0.452 0.429 0.480 0.583 0.824 0.952 0.906 0.955 1.000 0.833 1.000
0.000 0.000 0.000 0.000 0.095 0.220 0.193 0.321 0.278 0.277 0.276 0.185 0.215 0.291 0.491 0.719 0.837 0.948 0.936 0.978 1.000 1.000
0.000 0.000 0.000 0.000 0.137 0.153 0.285 0.378 0.419 0.495 0.477 0.444 0.437 0.456 0.623 0.794 0.929 0.925 0.961 0.898 0.889 1.000
0.000 0.000 0.000 0.233 0.319 0.253 0.287 0.381 0.369 0.440 0.544 0.386 0.431 0.524 0.681 0.848 0.941 0.943 0.957 1.000 1.000 1.000
0.000 0.000 0.000 0.065 0.145 0.215 0.264 0.314 0.343 0.407 0.441 0.409 0.418 0.479 0.601 0.761 0.893 0.933 0.938 0.970 0.910 0.993
0.000 0.000 0.000 0.065 0.145 0.215 0.264 0.314 0.343 0.407 0.441 0.409 0.418 0.479 0.601 0.761 0.893 0.933 0.938 0.970 0.910 0.993
0.000 0.000 0.000 0.065 0.145 0.215 0.264 0.314 0.343 0.407 0.441 0.409 0.418 0.479 0.601 0.761 0.893 0.933 0.938 0.970 0.910 0.993
0.000 0.000 0.000 0.065 0.145 0.215 0.264 0.314 0.343 0.407 0.441 0.409 0.418 0.479 0.601 0.761 0.893 0.933 0.938 0.970 0.910 0.993
0.000 0.000 0.000 0.065 0.145 0.215 0.264 0.314 0.343 0.407 0.441 0.409 0.418 0.479 0.601 0.761 0.893 0.933 0.938 0.970 0.910 0.993
0.000 0.000 0.000 0.065 0.145 0.215 0.264 0.314 0.343 0.407 0.441 0.409 0.418 0.479 0.601 0.761 0.893 0.933 0.938 0.970 0.910 0.993
0.000 0.000 0.000 0.065 0.145 0.215 0.264 0.314 0.343 0.407 0.441 0.409 0.418 0.479 0.601 0.761 0.893 0.933 0.938 0.970 0.910 0.993
0.000 0.000 0.000 0.065 0.145 0.215 0.264 0.314 0.343 0.407 0.441 0.409 0.418 0.479 0.601 0.761 0.893 0.933 0.938 0.970 0.910 0.993
0.000 0.000 0.000 0.065 0.145 0.215 0.264 0.314 0.343 0.407 0.441 0.409 0.418 0.479 0.601 0.761 0.893 0.933 0.938 0.970 0.910 0.993
0.000 0.000 0.000 0.065 0.145 0.215 0.264 0.314 0.343 0.407 0.441 0.409 0.418 0.479 0.601 0.761 0.893 0.933 0.938 0.970 0.910 0.993
0.000 0.000 0.000 0.065 0.145 0.215 0.264 0.314 0.343 0.407 0.441 0.409 0.418 0.479 0.601 0.761 0.893 0.933 0.938 0.970 0.910 0.993
0.000 0.000 0.000 0.065 0.145 0.215 0.264 0.314 0.343 0.407 0.441 0.409 0.418 0.479 0.601 0.761 0.893 0.933 0.938 0.970 0.910 0.993
0.000 0.000 0.000 0.065 0.145 0.215 0.264 0.314 0.343 0.407 0.441 0.409 0.418 0.479 0.601 0.761 0.893 0.933 0.938 0.970 0.910 0.993
0.000 0.000 0.000 0.065 0.145 0.215 0.264 0.314 0.343 0.407 0.441 0.409 0.418 0.479 0.601 0.761 0.893 0.933 0.938 0.970 0.910 0.993
0.000 0.000 0.000 0.065 0.145 0.215 0.264 0.314 0.343 0.407 0.441 0.409 0.418 0.479 0.601 0.761 0.893 0.933 0.938 0.970 0.910 0.993
0.000 0.000 0.000 0.065 0.145 0.215 0.264 0.314 0.343 0.407 0.441 0.409 0.418 0.479 0.601 0.761 0.893 0.933 0.938 0.970 0.910 0.993
0.000 0.000 0.000 0.065 0.145 0.215 0.264 0.314 0.343 0.407 0.441 0.409 0.418 0.479 0.601 0.761 0.893 0.933 0.938 0.970 0.910 0.993
#female maturity for old shell - assume all are mature
1.0 1.0 1.0 1.0 1.0 1.0 1.0 1.0 1.0 1.0 1.0 1.0 1.0 1.0 1.0 1.0 1.0 1.0 1.0 1.0 1.0 1.0 
1.0 1.0 1.0 1.0 1.0 1.0 1.0 1.0 1.0 1.0 1.0 1.0 1.0 1.0 1.0 1.0 1.0 1.0 1.0 1.0 1.0 1.0 
1.0 1.0 1.0 1.0 1.0 1.0 1.0 1.0 1.0 1.0 1.0 1.0 1.0 1.0 1.0 1.0 1.0 1.0 1.0 1.0 1.0 1.0 
1.0 1.0 1.0 1.0 1.0 1.0 1.0 1.0 1.0 1.0 1.0 1.0 1.0 1.0 1.0 1.0 1.0 1.0 1.0 1.0 1.0 1.0 
1.0 1.0 1.0 1.0 1.0 1.0 1.0 1.0 1.0 1.0 1.0 1.0 1.0 1.0 1.0 1.0 1.0 1.0 1.0 1.0 1.0 1.0 
1.0 1.0 1.0 1.0 1.0 1.0 1.0 1.0 1.0 1.0 1.0 1.0 1.0 1.0 1.0 1.0 1.0 1.0 1.0 1.0 1.0 1.0 
1.0 1.0 1.0 1.0 1.0 1.0 1.0 1.0 1.0 1.0 1.0 1.0 1.0 1.0 1.0 1.0 1.0 1.0 1.0 1.0 1.0 1.0 
1.0 1.0 1.0 1.0 1.0 1.0 1.0 1.0 1.0 1.0 1.0 1.0 1.0 1.0 1.0 1.0 1.0 1.0 1.0 1.0 1.0 1.0 
1.0 1.0 1.0 1.0 1.0 1.0 1.0 1.0 1.0 1.0 1.0 1.0 1.0 1.0 1.0 1.0 1.0 1.0 1.0 1.0 1.0 1.0 
1.0 1.0 1.0 1.0 1.0 1.0 1.0 1.0 1.0 1.0 1.0 1.0 1.0 1.0 1.0 1.0 1.0 1.0 1.0 1.0 1.0 1.0 
1.0 1.0 1.0 1.0 1.0 1.0 1.0 1.0 1.0 1.0 1.0 1.0 1.0 1.0 1.0 1.0 1.0 1.0 1.0 1.0 1.0 1.0 
1.0 1.0 1.0 1.0 1.0 1.0 1.0 1.0 1.0 1.0 1.0 1.0 1.0 1.0 1.0 1.0 1.0 1.0 1.0 1.0 1.0 1.0 
1.0 1.0 1.0 1.0 1.0 1.0 1.0 1.0 1.0 1.0 1.0 1.0 1.0 1.0 1.0 1.0 1.0 1.0 1.0 1.0 1.0 1.0 
1.0 1.0 1.0 1.0 1.0 1.0 1.0 1.0 1.0 1.0 1.0 1.0 1.0 1.0 1.0 1.0 1.0 1.0 1.0 1.0 1.0 1.0 
1.0 1.0 1.0 1.0 1.0 1.0 1.0 1.0 1.0 1.0 1.0 1.0 1.0 1.0 1.0 1.0 1.0 1.0 1.0 1.0 1.0 1.0 
1.0 1.0 1.0 1.0 1.0 1.0 1.0 1.0 1.0 1.0 1.0 1.0 1.0 1.0 1.0 1.0 1.0 1.0 1.0 1.0 1.0 1.0 
1.0 1.0 1.0 1.0 1.0 1.0 1.0 1.0 1.0 1.0 1.0 1.0 1.0 1.0 1.0 1.0 1.0 1.0 1.0 1.0 1.0 1.0 
1.0 1.0 1.0 1.0 1.0 1.0 1.0 1.0 1.0 1.0 1.0 1.0 1.0 1.0 1.0 1.0 1.0 1.0 1.0 1.0 1.0 1.0 
1.0 1.0 1.0 1.0 1.0 1.0 1.0 1.0 1.0 1.0 1.0 1.0 1.0 1.0 1.0 1.0 1.0 1.0 1.0 1.0 1.0 1.0 
1.0 1.0 1.0 1.0 1.0 1.0 1.0 1.0 1.0 1.0 1.0 1.0 1.0 1.0 1.0 1.0 1.0 1.0 1.0 1.0 1.0 1.0 
1.0 1.0 1.0 1.0 1.0 1.0 1.0 1.0 1.0 1.0 1.0 1.0 1.0 1.0 1.0 1.0 1.0 1.0 1.0 1.0 1.0 1.0 
1.0 1.0 1.0 1.0 1.0 1.0 1.0 1.0 1.0 1.0 1.0 1.0 1.0 1.0 1.0 1.0 1.0 1.0 1.0 1.0 1.0 1.0 
1.0 1.0 1.0 1.0 1.0 1.0 1.0 1.0 1.0 1.0 1.0 1.0 1.0 1.0 1.0 1.0 1.0 1.0 1.0 1.0 1.0 1.0 
1.0 1.0 1.0 1.0 1.0 1.0 1.0 1.0 1.0 1.0 1.0 1.0 1.0 1.0 1.0 1.0 1.0 1.0 1.0 1.0 1.0 1.0 
1.0 1.0 1.0 1.0 1.0 1.0 1.0 1.0 1.0 1.0 1.0 1.0 1.0 1.0 1.0 1.0 1.0 1.0 1.0 1.0 1.0 1.0 
1.0 1.0 1.0 1.0 1.0 1.0 1.0 1.0 1.0 1.0 1.0 1.0 1.0 1.0 1.0 1.0 1.0 1.0 1.0 1.0 1.0 1.0 
1.0 1.0 1.0 1.0 1.0 1.0 1.0 1.0 1.0 1.0 1.0 1.0 1.0 1.0 1.0 1.0 1.0 1.0 1.0 1.0 1.0 1.0 
1.0 1.0 1.0 1.0 1.0 1.0 1.0 1.0 1.0 1.0 1.0 1.0 1.0 1.0 1.0 1.0 1.0 1.0 1.0 1.0 1.0 1.0 
1.0 1.0 1.0 1.0 1.0 1.0 1.0 1.0 1.0 1.0 1.0 1.0 1.0 1.0 1.0 1.0 1.0 1.0 1.0 1.0 1.0 1.0 
1.0 1.0 1.0 1.0 1.0 1.0 1.0 1.0 1.0 1.0 1.0 1.0 1.0 1.0 1.0 1.0 1.0 1.0 1.0 1.0 1.0 1.0 
1.0 1.0 1.0 1.0 1.0 1.0 1.0 1.0 1.0 1.0 1.0 1.0 1.0 1.0 1.0 1.0 1.0 1.0 1.0 1.0 1.0 1.0 
1.0 1.0 1.0 1.0 1.0 1.0 1.0 1.0 1.0 1.0 1.0 1.0 1.0 1.0 1.0 1.0 1.0 1.0 1.0 1.0 1.0 1.0 
1.0 1.0 1.0 1.0 1.0 1.0 1.0 1.0 1.0 1.0 1.0 1.0 1.0 1.0 1.0 1.0 1.0 1.0 1.0 1.0 1.0 1.0 
1.0 1.0 1.0 1.0 1.0 1.0 1.0 1.0 1.0 1.0 1.0 1.0 1.0 1.0 1.0 1.0 1.0 1.0 1.0 1.0 1.0 1.0 
1.0 1.0 1.0 1.0 1.0 1.0 1.0 1.0 1.0 1.0 1.0 1.0 1.0 1.0 1.0 1.0 1.0 1.0 1.0 1.0 1.0 1.0 
1.0 1.0 1.0 1.0 1.0 1.0 1.0 1.0 1.0 1.0 1.0 1.0 1.0 1.0 1.0 1.0 1.0 1.0 1.0 1.0 1.0 1.0 
1.0 1.0 1.0 1.0 1.0 1.0 1.0 1.0 1.0 1.0 1.0 1.0 1.0 1.0 1.0 1.0 1.0 1.0 1.0 1.0 1.0 1.0 
1.0 1.0 1.0 1.0 1.0 1.0 1.0 1.0 1.0 1.0 1.0 1.0 1.0 1.0 1.0 1.0 1.0 1.0 1.0 1.0 1.0 1.0 
1.0 1.0 1.0 1.0 1.0 1.0 1.0 1.0 1.0 1.0 1.0 1.0 1.0 1.0 1.0 1.0 1.0 1.0 1.0 1.0 1.0 1.0 
#male maturity for old shell by year maturity survey data 1989 to 2000, other years is average
0.000 0.000 0.000 0.836 0.822 0.828 0.891 0.868 0.869 0.897 0.879 0.881 0.848 0.855 0.860 0.911 0.909 0.944 0.942 0.956 0.956 0.989
0.000 0.000 0.000 0.836 0.822 0.828 0.891 0.868 0.869 0.897 0.879 0.881 0.848 0.855 0.860 0.911 0.909 0.944 0.942 0.956 0.956 0.989
0.000 0.000 0.000 0.836 0.822 0.828 0.891 0.868 0.869 0.897 0.879 0.881 0.848 0.855 0.860 0.911 0.909 0.944 0.942 0.956 0.956 0.989
0.000 0.000 0.000 0.836 0.822 0.828 0.891 0.868 0.869 0.897 0.879 0.881 0.848 0.855 0.860 0.911 0.909 0.944 0.942 0.956 0.956 0.989
0.000 0.000 0.000 0.836 0.822 0.828 0.891 0.868 0.869 0.897 0.879 0.881 0.848 0.855 0.860 0.911 0.909 0.944 0.942 0.956 0.956 0.989
0.000 0.000 0.000 0.836 0.822 0.828 0.891 0.868 0.869 0.897 0.879 0.881 0.848 0.855 0.860 0.911 0.909 0.944 0.942 0.956 0.956 0.989
0.000 0.000 0.000 0.836 0.822 0.828 0.891 0.868 0.869 0.897 0.879 0.881 0.848 0.855 0.860 0.911 0.909 0.944 0.942 0.956 0.956 0.989
0.000 0.000 0.000 0.836 0.822 0.828 0.891 0.868 0.869 0.897 0.879 0.881 0.848 0.855 0.860 0.911 0.909 0.944 0.942 0.956 0.956 0.989
0.000 0.000 0.000 0.836 0.822 0.828 0.891 0.868 0.869 0.897 0.879 0.881 0.848 0.855 0.860 0.911 0.909 0.944 0.942 0.956 0.956 0.989
0.000 0.000 0.000 0.836 0.822 0.828 0.891 0.868 0.869 0.897 0.879 0.881 0.848 0.855 0.860 0.911 0.909 0.944 0.942 0.956 0.956 0.989
0.000 0.000 0.000 0.836 0.822 0.828 0.891 0.868 0.869 0.897 0.879 0.881 0.848 0.855 0.860 0.911 0.909 0.944 0.942 0.956 0.956 0.989
0.000 0.000 0.000 0.703 0.770 0.838 0.856 0.868 0.891 0.895 0.896 0.925 0.893 0.922 0.925 0.938 0.976 0.959 0.950 1.000 1.000 1.000
0.000 0.000 0.000 0.833 0.813 0.804 0.865 0.882 0.918 0.891 0.877 0.897 0.879 0.926 0.940 0.976 0.915 0.969 0.915 1.000 0.900 0.975
0.000 0.000 0.000 0.812 0.818 0.944 0.855 0.898 0.795 0.898 0.868 0.809 0.725 0.724 0.695 0.834 0.872 0.965 0.984 0.926 1.000 1.000
0.000 0.000 0.000 0.854 0.858 0.867 0.939 0.875 0.890 0.881 0.868 0.891 0.836 0.860 0.857 0.855 0.891 0.902 0.947 0.905 0.941 1.000
0.000 0.000 0.000 0.883 0.884 0.885 0.857 0.905 0.854 0.936 0.870 0.836 0.884 0.959 0.889 0.941 0.877 0.966 0.944 0.844 0.833 0.901
0.000 0.000 0.000 0.929 0.894 0.791 0.909 0.909 0.916 0.897 0.903 0.933 0.915 0.918 0.949 0.935 0.885 0.907 0.902 0.973 0.900 1.000
0.000 0.000 0.000 0.836 0.714 0.732 0.872 0.871 0.851 0.881 0.852 0.896 0.830 0.705 0.716 0.880 0.884 0.948 0.945 1.000 1.000 1.000
0.000 0.000 0.000 0.836 0.822 0.895 0.870 0.806 0.830 0.906 0.867 0.895 0.794 0.891 0.936 0.960 0.962 0.923 0.905 1.000 1.000 1.000
0.000 0.000 0.000 0.836 0.822 0.727 0.920 0.859 0.874 0.889 0.881 0.909 0.845 0.916 0.848 0.939 0.890 0.968 1.000 1.000 1.000 1.000
0.000 0.000 0.000 0.836 0.822 1.000 0.956 0.897 0.928 0.935 0.934 0.869 0.881 0.803 0.851 0.907 0.929 0.953 0.969 0.941 0.944 1.000
0.000 0.000 0.000 0.836 0.822 0.625 0.900 0.782 0.810 0.855 0.850 0.832 0.845 0.781 0.849 0.855 0.916 0.919 0.899 0.927 1.000 1.000
0.000 0.000 0.000 0.836 0.822 0.828 0.891 0.868 0.869 0.897 0.879 0.881 0.848 0.855 0.860 0.911 0.909 0.944 0.942 0.956 0.956 0.989
0.000 0.000 0.000 0.836 0.822 0.828 0.891 0.868 0.869 0.897 0.879 0.881 0.848 0.855 0.860 0.911 0.909 0.944 0.942 0.956 0.956 0.989
0.000 0.000 0.000 0.836 0.822 0.828 0.891 0.868 0.869 0.897 0.879 0.881 0.848 0.855 0.860 0.911 0.909 0.944 0.942 0.956 0.956 0.989
0.000 0.000 0.000 0.836 0.822 0.828 0.891 0.868 0.869 0.897 0.879 0.881 0.848 0.855 0.860 0.911 0.909 0.944 0.942 0.956 0.956 0.989
0.000 0.000 0.000 0.836 0.822 0.828 0.891 0.868 0.869 0.897 0.879 0.881 0.848 0.855 0.860 0.911 0.909 0.944 0.942 0.956 0.956 0.989
0.000 0.000 0.000 0.836 0.822 0.828 0.891 0.868 0.869 0.897 0.879 0.881 0.848 0.855 0.860 0.911 0.909 0.944 0.942 0.956 0.956 0.989
0.000 0.000 0.000 0.836 0.822 0.828 0.891 0.868 0.869 0.897 0.879 0.881 0.848 0.855 0.860 0.911 0.909 0.944 0.942 0.956 0.956 0.989
0.000 0.000 0.000 0.836 0.822 0.828 0.891 0.868 0.869 0.897 0.879 0.881 0.848 0.855 0.860 0.911 0.909 0.944 0.942 0.956 0.956 0.989
0.000 0.000 0.000 0.836 0.822 0.828 0.891 0.868 0.869 0.897 0.879 0.881 0.848 0.855 0.860 0.911 0.909 0.944 0.942 0.956 0.956 0.989
0.000 0.000 0.000 0.836 0.822 0.828 0.891 0.868 0.869 0.897 0.879 0.881 0.848 0.855 0.860 0.911 0.909 0.944 0.942 0.956 0.956 0.989
0.000 0.000 0.000 0.836 0.822 0.828 0.891 0.868 0.869 0.897 0.879 0.881 0.848 0.855 0.860 0.911 0.909 0.944 0.942 0.956 0.956 0.989
0.000 0.000 0.000 0.836 0.822 0.828 0.891 0.868 0.869 0.897 0.879 0.881 0.848 0.855 0.860 0.911 0.909 0.944 0.942 0.956 0.956 0.989
0.000 0.000 0.000 0.836 0.822 0.828 0.891 0.868 0.869 0.897 0.879 0.881 0.848 0.855 0.860 0.911 0.909 0.944 0.942 0.956 0.956 0.989
0.000 0.000 0.000 0.836 0.822 0.828 0.891 0.868 0.869 0.897 0.879 0.881 0.848 0.855 0.860 0.911 0.909 0.944 0.942 0.956 0.956 0.989
0.000 0.000 0.000 0.836 0.822 0.828 0.891 0.868 0.869 0.897 0.879 0.881 0.848 0.855 0.860 0.911 0.909 0.944 0.942 0.956 0.956 0.989
0.000 0.000 0.000 0.836 0.822 0.828 0.891 0.868 0.869 0.897 0.879 0.881 0.848 0.855 0.860 0.911 0.909 0.944 0.942 0.956 0.956 0.989
0.000 0.000 0.000 0.836 0.822 0.828 0.891 0.868 0.869 0.897 0.879 0.881 0.848 0.855 0.860 0.911 0.909 0.944 0.942 0.956 0.956 0.989
#cv for mean length female male at min and max length bins
.05  .05
.05  .05
#length bins
 27.5 32.5 37.5 42.5 47.5 52.5 57.5 62.5 67.5 72.5 77.5 82.5 87.5 92.5 97.5 102.5 107.5 112.5 117.5 122.5 127.5 132.5
#mid-points of catch from 1978 to 2002
0.625	0.625	0.625	0.625	0.625	0.625	0.625	0.625	0.625	0.625	0.625	0.625	0.625	0.625	0.625	0.625	0.625	0.625	0.625	0.625	0.625	0.625	0.625	0.625	0.625	0.625	0.625	0.625	0.625	0.625	0.625	0.625	0.625	0.625	0.625 0.625 0.625 0.625 0.625
#male mean length at age estimated from spreadsheet meanlengthatagesnow.xls in snow2003 directory
#ages 3 4 5 6 7 8 9 10 11 12 13 14 15
25.000 34.160 44.454 56.022 69.023 83.632 98.158 109.458 117.686 122.914 125.866 127.404 128.168
#fraction of pot fishery catch that is morphometrically mature males
 0.9  0.9  0.9  0.9  0.9  0.9  0.9  0.9  0.9  0.9  0.917  0.933  0.95 .967  0.983  1.0   1.0   1.0   1.0   1.0   1.0   1.0 
#fishery cpue from bycatch estimates
116 99 89 79 51 83 138 142 141 132 136 170 141 191 177 175 160 117 102 133 207 158 137 97 76 155 157 157 201.5 319.781 337.7 276.83 257.55 257.55 223.78 210.46 181.02 191.79 154.45
#ghl in mill lbs 1978 to 2006, first two yrs just place holder don't use
 50 50 50 66.0 19.0 15.8 49.0 98.0 57.0 56.4 110.7 132.0 139.8 315.0 333.0 207.2 105.8 55.7 50.7 117.0 225.9 186.2 26.4 25.3 28.5 25.6 20.8 20.9 37.0 37.0 63.0 58.5 48.5 54.263 88.0 66.35 54.0 68.0 68
# growth data female premolt then postmolt
22
19.37	20.7	21.25	21.94	23.09	32.8	35.3	38.3	38.9	41	42.1	44.2	44.3	44.8	45.2	46.9	47	47.9	20.6	20.8	22.0	22.9
24.24	27.4	28.73	28.71	29.26	44.9	47.6	50.9	53	   55.8	54.6	59.5	59.3	59.7	59.6	60.4	61.4	61.4	25.1	27.6	28.2	28.6	
#growth data male premolt then postmolt
18
21.23	22.2	23.48	29.9	30.3	30.7	44.2	44.7	64.7	67.6	67.9	74.5	79.9	89.8	89.9	89.9	93.8	20.0
26.41	28.1	28.27	39.9	40.3	40.5	58.7	57.3	82.7	86	85.3	93.9	97.8	110	112.1	112.3	117.6	26.3
#snow crab potlifts (1000s) 1978/79-2013/14
190.746	255.102	435.742	469.091	287.127	173.591	370.082	542.346	616.113	747.395	665.242	912.718	1394.897	1281.796	972.118	716.524	507.603	520.685	754.14	930.794	945.533	182.634	191.2 326.977 153.862 123.709 75.095 120.582 89.419 144.039 163.536 137.018 147.244 270.602 225.489 201.650
