#C data file created using the SS_writedat function in the R package r4ss
#C should work with SS version: 
#C file write time: 2017-03-13 17:09:19
#
1 #_styr
50 #_endyr
1 #_nseas
12 #_months_per_seas
1 #_spawn_seas
1 #_Nfleet
2 #_Nsurveys
1 #_N_areas
Fishery%Survey%CPUE #_fleetnames
0.5 0.5 0.5 #_surveytiming_in_season
1 1 1 #_area_assignments_for_each_fishery_and_survey
1 #_units of catch:  1=bio; 2=num
0.01 #_se of log(catch) only used for init_eq_catch and for Fmethod 2 and 3
1 #_Ngenders
25 #_Nages
0 #_init_equil_catch_for_each_fishery
50 #_N_lines_of_catch_to_read
 #_Fishery year seas
         0    1    1
  50778900    2    1
  98776400    3    1
 141310000    4    1
 180190000    5    1
 215376000    6    1
 243472000    7    1
 264177000    8    1
 276062000    9    1
 280803000   10    1
 282614000   11    1
 281713000   12    1
 284405000   13    1
 286824000   14    1
 283001000   15    1
 276611000   16    1
 265311000   17    1
 252540000   18    1
 244938000   19    1
 237422000   20    1
 225846000   21    1
 223486000   22    1
 222262000   23    1
 209067000   24    1
 199992000   25    1
 189922000   26    1
 174534000   27    1
 159562000   28    1
 145901000   29    1
 130451000   30    1
 119726000   31    1
 109452000   32    1
 100551000   33    1
  95616200   34    1
  92235100   35    1
  88388600   36    1
  87728700   37    1
  84304300   38    1
  80110200   39    1
  77289400   40    1
  74568700   41    1
  72388200   42    1
  67336500   43    1
  63814200   44    1
  59636800   45    1
  56319800   46    1
  49397900   47    1
  37731100   48    1
  21360700   49    1
         0   50    1
50 #_N_cpue
#_Units:  0=numbers; 1=biomass; 2=F
#_Errtype:  -1=normal; 0=lognormal; >0=T
#_Fleet Units Errtype
 #_Fleet Units Errtype
       1     1       0
       2     1       0
       3     1       0
 #_year seas index        obs se_log
      1    1     2 4035574569    0.5
      2    1     2 3933707910    0.5
      3    1     2 3440092311    0.5
      4    1     2 4067708957    0.5
      5    1     2 3347161731    0.5
      6    1     2 2842481425    0.5
      7    1     2 2823299227    0.5
      8    1     2 3668727831    0.5
      9    1     2 2758502360    0.5
     10    1     2 3124160733    0.5
     11    1     2 2023367080    0.5
     12    1     2 2192207310    0.5
     13    1     2 1958790411    0.5
     14    1     2 1545445289    0.5
     15    1     2 1538841780    0.5
     16    1     2 1651420995    0.5
     17    1     2 1343529424    0.5
     18    1     2 1269385423    0.5
     19    1     2 1142885896    0.5
     20    1     2  965734883    0.5
     21    1     2 1075785082    0.5
     22    1     2  839602282    0.5
     23    1     2  758300495    0.5
     24    1     2  684412906    0.5
     25    1     2  702182182    0.5
     26    1     2  492416918    0.5
     27    1     2  604101529    0.5
     28    1     2  590653944    0.5
     29    1     2  507478682    0.5
     30    1     2  528962663    0.5
     31    1     2  524297099    0.5
     32    1     2  441309243    0.5
     33    1     2  514536487    0.5
     34    1     2  647756289    0.5
     35    1     2  431704244    0.5
     36    1     2  442163777    0.5
     37    1     2  506506296    0.5
     38    1     2  531481672    0.5
     39    1     2  574777053    0.5
     40    1     2  667574664    0.5
     41    1     2  734323909    0.5
     42    1     2  750638490    0.5
     43    1     2  700365858    0.5
     44    1     2  708692072    0.5
     45    1     2 1093170904    0.5
     46    1     2  960337067    0.5
     47    1     2 1252616708    0.5
     48    1     2 1252935048    0.5
     49    1     2 1738124269    0.5
     50    1     2 1756148269    0.5
0 #_N_discard_fleets
#_discard_units (1=same_as_catchunits(bio/num); 2=fraction; 3=numbers)
#_discard_errtype:  >0 for DF of T-dist(read CV below); 0 for normal with CV; -1 for normal with se; -2 for lognormal
0 #_N_discard
0 #_N_meanbodywt
1 #_DF_for_meanbodywt_T-distribution_like
2 # length bin method: 1=use databins; 2=generate from binwidth,min,max below; 3=read vector
3 # binwidth for population size comp
10 # minimum size in the population (lower edge of first bin and size at age 0.00)
190 # maximum size in the population (lower edge of last bin)
-1 #_comp_tail_compression
1e-10 #_add_to_comp
0 #_combine males into females at or below this bin number
61 #_N_lbins
#_lbin_vector
10 13 16 19 22 25 28 31 34 37 40 43 46 49 52 55 58 61 64 67 70 73 76 79 82 85 88 91 94 97 100 103 106 109 112 115 118 121 124 127 130 133 136 139 142 145 148 151 154 157 160 163 166 169 172 175 178 181 184 187 190
100 #_N_Length_comp_observations
 #_Yr Seas FltSvy Gender Part Nsamp l10 l13 l16 l19 l22 l25 l28 l31 l34 l37 l40 l43 l46 l49 l52 l55 l58 l61 l64 l67 l70 l73 l76 l79 l82 l85 l88 l91 l94 l97 l100 l103 l106 l109 l112 l115 l118 l121 l124 l127 l130 l133 l136 l139 l142 l145 l148 l151 l154 l157 l160 l163 l166 l169 l172 l175 l178 l181 l184 l187 l190
    1    1      1      0    0   100   0   0   0   0   0   0   1   3   3   3   1   6   2   6   3   3   0   4   1   3   0   4   1   4   4   4   4   1   2   7    1    5    4    2    2    1    3    1    2    2    1    0    2    2    1    0    0    0    0    0    0    0    1    0    0    0    0    0    0    0    0
    2    1      1      0    0   100   0   0   0   0   0   0   0   1   1   0   2   4   7   3   2   3   1   5   2   3   3   4   6   5   6   2   3   3   2   3    6    6    2    1    2    0    5    2    1    0    1    0    0    0    2    1    0    0    0    0    0    0    0    0    0    0    0    0    0    0    0
    3    1      1      0    0   100   0   0   0   0   0   0   0   0   1   0   1   1   2   4   3   3   0   4   6   4   5   7   6   2   3   4   4   2   3   6    1    2    4    4    2    2    3    2    2    1    0    2    0    1    1    1    1    0    0    0    0    0    0    0    0    0    0    0    0    0    0
    4    1      1      0    0   100   0   0   0   0   0   0   1   0   1   2   1   2   1   4   2   1   2   4   5   1   4   2   3   2   5   3   2   4   3   3    4    6    5    7    2    2    3    3    3    3    1    2    1    0    0    0    0    0    0    0    0    0    0    0    0    0    0    0    0    0    0
    5    1      1      0    0   100   0   0   0   0   0   1   2   1   0   1   1   4   5   8   5   2   4   3   1   5   2   1   7   0   5   5   2   3   3   2    4    3    4    3    1    1    3    2    0    2    1    1    0    0    1    1    0    0    0    0    0    0    0    0    0    0    0    0    0    0    0
    6    1      1      0    0   100   0   0   0   0   0   1   2   0   0   1   2   1   6   4   5   6   4   7   7   4   1   1   2   1   2   3   2   0   3   2    3    2    0    5    3    2    3    3    5    2    2    0    3    0    0    0    0    0    0    0    0    0    0    0    0    0    0    0    0    0    0
    7    1      1      0    0   100   0   0   0   0   0   0   0   0   1   1   2   0   3   3   6   2   1   4   7   7   5   7   3   4   5   0   2   2   1   5    1    2    4    3    3    4    0    5    1    0    0    4    0    0    0    0    1    0    0    1    0    0    0    0    0    0    0    0    0    0    0
    8    1      1      0    0   100   0   0   0   0   0   0   0   2   1   0   0   2   4   4   5   6   3   7   8   3   4   1   0   3   7   5   6   3   2   1    2    3    2    5    1    3    1    0    0    2    1    0    1    1    0    1    0    0    0    0    0    0    0    0    0    0    0    0    0    0    0
    9    1      1      0    0   100   0   0   0   0   0   0   0   0   2   1   0   4   3   2   8   4   3   3   2   2   1   3   4   4   4   1   5   4   2   8    1    5    3    0    5    3    5    3    0    1    0    1    0    0    1    1    1    0    0    0    0    0    0    0    0    0    0    0    0    0    0
   10    1      1      0    0   100   0   0   0   0   0   0   0   3   1   0   0   2   2   6   3   1   5   4   4   0   5   1   3   7   5   4   2   8   2   4    1    1    4    3    1    1    0    2    3    4    3    1    2    2    0    0    0    0    0    0    0    0    0    0    0    0    0    0    0    0    0
   11    1      1      0    0   100   0   0   0   0   0   0   0   0   0   0   2   8   5   4   5   3   3   4   1   3   0   2   0   8   5   4   4   7   2   2    4    1    6    1    1    2    1    2    2    4    0    0    0    0    0    2    1    0    0    1    0    0    0    0    0    0    0    0    0    0    0
   12    1      1      0    0   100   0   0   0   0   0   0   0   4   1   0   5   4   4   6   4   1   5   2   3   2   2   7   1   5   4   4   1   3   2   4    2    2    4    0    5    0    3    3    0    3    0    1    2    0    1    0    0    0    0    0    0    0    0    0    0    0    0    0    0    0    0
   13    1      1      0    0   100   0   0   0   0   0   0   0   1   0   0   0   5   3  13   8   3   5   5   4   4   5   4   3   6   2   2   3   3   0   1    1    4    1    2    1    0    1    0    2    1    0    2    2    1    0    1    1    0    0    0    0    0    0    0    0    0    0    0    0    0    0
   14    1      1      0    0   100   0   0   0   0   0   0   0   0   2   1   1   6   6   5   4   4   4   6   7   5   5   3   2   2   2   3   3   1   6   1    3    2    1    0    2    2    3    4    2    0    1    1    0    0    0    0    0    0    0    0    0    0    0    0    0    0    0    0    0    0    0
   15    1      1      0    0   100   0   0   0   0   0   0   2   2   0   0   0   1   6   2   6   2   3   6   4   5   5   4   7   1   3   4   3   5   6   5    3    0    2    0    1    1    3    0    4    1    2    0    0    0    1    0    0    0    0    0    0    0    0    0    0    0    0    0    0    0    0
   16    1      1      0    0   100   0   0   0   0   0   1   0   1   0   0   2   5   3   9   5   3   2   2   6   6   4   4   4   3   3   6   3   4   3   1    4    3    1    3    1    1    1    1    2    0    1    0    0    0    1    0    1    0    0    0    0    0    0    0    0    0    0    0    0    0    0
   17    1      1      0    0   100   0   0   0   0   0   1   1   2   1   0   1   5   4   4   2   4   4   4   2   2   6   9   3   1   8   3   4   4   4   5    3    3    0    2    0    1    0    2    1    2    0    0    0    0    2    0    0    0    0    0    0    0    0    0    0    0    0    0    0    0    0
   18    1      1      0    0   100   0   0   0   0   0   0   0   4   1   0   3   2   7   8   4   2   6   4   3   3   3   6   5   3   2   4   2   4   3   4    3    4    2    1    1    2    1    0    0    1    1    0    0    0    1    0    0    0    0    0    0    0    0    0    0    0    0    0    0    0    0
   19    1      1      0    0   100   0   0   0   0   0   0   0   0   1   0   4   7   5   4   8   2   1   5   4   6   5   3   3   3   3   4   0   2   2   3    2    4    2    3    2    2    2    0    4    1    2    0    1    0    0    0    0    0    0    0    0    0    0    0    0    0    0    0    0    0    0
   20    1      1      0    0   100   0   0   0   0   0   1   0   3   1   1   3   3   5   6   5   7   5   2   6   4   7   3   4   2   2   5   4   2   5   3    2    1    0    0    1    2    0    1    1    0    2    0    1    0    0    0    0    0    0    0    0    0    0    0    0    0    0    0    0    0    0
   21    1      1      0    0   100   0   0   0   0   0   0   3   2   1   2   2   5   8   3   6   3   5   2   6   5   3   3   3   2   3   6   5   4   2   3    1    2    3    3    1    0    0    1    1    0    0    0    1    0    0    0    0    0    0    0    0    0    0    0    0    0    0    0    0    0    0
   22    1      1      0    0   100   0   0   0   0   0   0   1   2   0   1   3   6   9  15  11   6   2   3   1   3   2   2   1   5   5   1   7   2   2   1    2    2    0    0    1    1    0    0    1    0    1    0    0    0    1    0    0    0    0    0    0    0    0    0    0    0    0    0    0    0    0
   23    1      1      0    0   100   0   0   0   0   0   0   0   2   0   0   2   4   8  10   9   5   5   7   5   7   4   3   2   1   0   1   2   3   2   4    4    1    2    2    1    1    0    1    2    0    0    0    0    0    0    0    0    0    0    0    0    0    0    0    0    0    0    0    0    0    0
   24    1      1      0    0   100   0   0   0   0   0   0   0   3   2   0   1   0   5   7   3   2   5   9   3   7   5   6   5   7   9   3   6   0   0   3    2    0    0    1    2    0    1    2    0    0    0    0    0    0    0    1    0    0    0    0    0    0    0    0    0    0    0    0    0    0    0
   25    1      1      0    0   100   0   0   0   0   0   2   2   3   2   0   0   4  14  11   9   4   2   3   0   5   2   6   4   4   0   2   2   0   4   2    2    2    1    0    3    1    1    0    1    0    0    1    0    1    0    0    0    0    0    0    0    0    0    0    0    0    0    0    0    0    0
   26    1      1      0    0   100   0   0   0   0   0   1   0   4   2   1   0   6  12   6   5   7   5   5   3   8   5   5   1   1   1   2   6   2   1   2    1    0    1    1    0    1    2    1    1    0    1    0    0    0    0    0    0    0    0    0    0    0    0    0    0    0    0    0    0    0    0
   27    1      1      0    0   100   0   0   0   0   0   0   1   0   0   0   1   4   9   8   9   8   4   7   9   5   5   2   3   3   2   4   3   0   1   3    3    2    0    0    1    0    0    1    0    0    1    0    0    1    0    0    0    0    0    0    0    0    0    0    0    0    0    0    0    0    0
   28    1      1      0    0   100   0   0   0   0   0   0   0   4   1   0   2   2  10   6   5   2   6   7   4   5   3   4   7   5   0   5   0   3   4   2    3    2    2    1    1    1    0    1    0    0    0    1    0    0    0    0    1    0    0    0    0    0    0    0    0    0    0    0    0    0    0
   29    1      1      0    0   100   0   0   0   0   0   0   1   0   3   0   2   6   8   7   5   8   4   4   2   3   3   6   6   8   2   1   4   2   2   0    2    1    3    2    1    0    0    1    1    0    2    0    0    0    0    0    0    0    0    0    0    0    0    0    0    0    0    0    0    0    0
   30    1      1      0    0   100   0   0   0   0   0   1   0   3   1   2   0   4   5   3   4   5   4   2   5   4   2   6   6   3   4   5   5   7   1   4    3    3    1    3    1    0    1    0    0    1    0    0    1    0    0    0    0    0    0    0    0    0    0    0    0    0    0    0    0    0    0
   31    1      1      0    0   100   0   0   0   0   0   0   1   1   2   0   2   6   6   4  11   2   3   3   4   6   4   4   7   5   5   2   4   2   1   1    3    3    4    0    3    0    1    0    0    0    0    0    0    0    0    0    0    0    0    0    0    0    0    0    0    0    0    0    0    0    0
   32    1      1      0    0   100   0   0   0   0   0   0   1   1   1   0   1   3   4   8   9   4   5   4  15   9   3   2   2   0   3   4   3   2   2   1    5    2    0    0    0    0    1    2    1    0    0    1    1    0    0    0    0    0    0    0    0    0    0    0    0    0    0    0    0    0    0
   33    1      1      0    0   100   0   0   0   0   0   0   0   2   1   1   2   6   2   7   5   6   2   5   2   8   4   4   3   5   6   3   2   2   2   2    2    3    2    1    2    2    3    1    0    1    0    0    0    1    0    0    0    0    0    0    0    0    0    0    0    0    0    0    0    0    0
   34    1      1      0    0   100   0   0   0   0   0   0   0   2   4   3   1  10  10  10  10   2   4   0   3   3   4   2   5   6   3   3   1   1   3   1    2    1    0    3    0    1    0    0    0    1    1    0    0    0    0    0    0    0    0    0    0    0    0    0    0    0    0    0    0    0    0
   35    1      1      0    0   100   0   0   0   0   0   0   2   2   2   0   2   3   8   6   5   3   7   8   6   8   3   5   2   0   3   4   3   2   4   3    2    3    1    0    0    1    1    0    1    0    0    0    0    0    0    0    0    0    0    0    0    0    0    0    0    0    0    0    0    0    0
   36    1      1      0    0   100   0   0   0   0   0   0   2   3   1   2   2   5   9   8   6   3   7   6   1   7   5   1   6   2   3   4   3   2   3   1    2    0    0    1    2    0    1    0    1    1    0    0    0    0    0    0    0    0    0    0    0    0    0    0    0    0    0    0    0    0    0
   37    1      1      0    0   100   0   0   0   0   0   0   0   0   1   1   4   4   9  11   7   5   6   4   3   4   3   4   3   5   6   5   2   0   0   2    0    1    1    1    1    2    1    2    1    0    0    0    0    0    0    1    0    0    0    0    0    0    0    0    0    0    0    0    0    0    0
   38    1      1      0    0   100   0   0   0   0   0   0   2   3   1   1   2   0   4   4   4   6   7   5   5  11   7   3   6   0   5   2   2   1   3   2    4    0    0    2    2    0    4    0    1    0    1    0    0    0    0    0    0    0    0    0    0    0    0    0    0    0    0    0    0    0    0
   39    1      1      0    0   100   0   0   0   0   0   1   2   3   0   0   1   3   6   6   8   4   3   3   4   7   1   3   5   2   5   2  10   1   5   0    4    1    3    1    1    2    2    1    0    0    0    0    0    0    0    0    0    0    0    0    0    0    0    0    0    0    0    0    0    0    0
   40    1      1      0    0   100   0   0   0   0   0   0   0   3   0   1   1   1  13  15   6   3   3   3   4   1   6   2   3   3   3   7   5   4   2   2    1    3    0    1    1    1    0    1    1    0    0    0    0    0    0    0    0    0    0    0    0    0    0    0    0    0    0    0    0    0    0
   41    1      1      0    0   100   0   0   0   0   0   0   1   3   3   2   0   5  11   9   5   3   4   3   7   4   1   4   5   2   2   1   2   3   5   2    2    1    0    1    2    1    0    2    0    1    1    0    1    1    0    0    0    0    0    0    0    0    0    0    0    0    0    0    0    0    0
   42    1      1      0    0   100   0   0   0   0   0   0   0   4   0   0   1   2   5  11   7   5   2   4   4   6   4   5   2   6   6   3   4   3   2   3    1    3    2    0    2    1    1    0    1    0    0    0    0    0    0    0    0    0    0    0    0    0    0    0    0    0    0    0    0    0    0
   43    1      1      0    0   100   0   0   0   0   0   0   2   3   0   0   2   0   3   3   5   7   3   3  10   3   5   3   8   1   2   8   3   4   1   3    4    2    3    2    1    3    2    0    0    1    0    0    0    0    0    0    0    0    0    0    0    0    0    0    0    0    0    0    0    0    0
   44    1      1      0    0   100   0   0   0   0   0   0   1   3   0   0   2   3   9   8   6   7   7   3   4   1   9   2   7   1   1   4   5   1   0   3    1    3    5    1    0    1    1    0    1    0    0    0    0    0    0    0    0    0    0    0    0    0    0    0    0    0    0    0    0    0    0
   45    1      1      0    0   100   0   0   0   0   0   0   2   3   0   1   1   8   6   3   7   3   7   8   7   1   0   3   3   2   1   0   5   6   2   2    1    3    2    1    5    2    0    1    1    2    0    0    0    0    0    0    1    0    0    0    0    0    0    0    0    0    0    0    0    0    0
   46    1      1      0    0   100   0   0   0   0   0   0   0   2   0   1   0   6  12  10   7   6   1   6   7   1   1   5   2   2   2   6   2   1   6   1    1    2    0    1    1    2    2    1    2    0    0    0    0    0    0    1    0    0    0    0    0    0    0    0    0    0    0    0    0    0    0
   47    1      1      0    0   100   0   0   0   0   0   0   1   2   2   0   1   4   4   8   9   2   6   7   7   9   1   4   1   4   5   1   2   2   1   3    3    0    2    1    1    2    2    1    1    1    0    0    0    0    0    0    0    0    0    0    0    0    0    0    0    0    0    0    0    0    0
   48    1      1      0    0   100   0   0   0   0   0   1   1   1   0   2   1   0   3   5   9   5   4   4   5   2   8   1   9   4   1   1   7   4   0   1    1    4    1    4    0    3    3    1    1    2    1    0    0    0    0    0    0    0    0    0    0    0    0    0    0    0    0    0    0    0    0
   49    1      1      0    0   100   0   0   0   0   0   0   2   3   0   1   3   1   6   4   5   4   5   6   5   5   3   5   3   2   3   7   3   1   4   2    1    2    0    2    2    0    2    2    1    2    2    0    0    0    0    0    0    1    0    0    0    0    0    0    0    0    0    0    0    0    0
   50    1      1      0    0   100   0   0   0   0   0   0   0   1   1   1   2   6   3  13   2   5   2   6   2   4   4   5   4   2   1   2   5   2   5   4    3    1    2    5    3    1    0    1    1    0    0    0    0    0    1    0    0    0    0    0    0    0    0    0    0    0    0    0    0    0    0
    1    1      2      0    0   100   0   0   0   0   0   0   3   2   3   1   0   1   4   4   4   1   5   0   7   2   5   1   4   2   1   3   5   6   4   3    2    1    2    4    3    3    4    2    0    2    3    0    0    0    1    0    2    0    0    0    0    0    0    0    0    0    0    0    0    0    0
    2    1      2      0    0   100   0   0   0   0   0   0   1   5   2   0   1   2   5   1   3   4   4   3   2   2   1   5   2   6   3   3   3   5   3   2    1    3    2    4    3    4    6    0    2    3    0    1    0    1    0    0    0    0    0    1    0    1    0    0    0    0    0    0    0    0    0
    3    1      2      0    0   100   0   0   0   0   0   1   0   1   1   0   1   4   3   4   2   2   2   4   3   1   5   5   5   3   6   2   5   3   2   1    1    6    4    2    1    5    3    6    0    1    2    1    0    1    0    0    1    0    0    0    0    0    0    0    0    0    0    0    0    0    0
    4    1      2      0    0   100   0   0   0   0   0   2   4   3   5   1   1   0   3   2   1   1   1   3   2   1   3   3   1   3   9   3   2   4   3   2    3    4    5    4    4    9    3    0    1    1    0    1    1    1    0    0    0    0    0    0    0    0    0    0    0    0    0    0    0    0    0
    5    1      2      0    0   100   0   0   0   0   0   2   4   8   4   0   1   6   6   5   7   4   1   2   2   2   3   2   1   1   2   2   3   4   4   2    2    0    0    1    3    4    5    2    1    1    0    1    0    0    1    1    0    0    0    0    0    0    0    0    0    0    0    0    0    0    0
    6    1      2      0    0   100   0   0   0   0   0   0   2   1   1   0   5   4   6   6   8   2   2   3   4   3   2   2   1   6   3   2   1   4   4   1    1    4    2    3    2    1    3    0    4    2    1    2    0    0    0    1    0    0    0    0    0    0    1    0    0    0    0    0    0    0    0
    7    1      2      0    0   100   0   0   0   0   0   1   1   5   3   0   0   2   2   4   2   5   3   2   3   3   4   4   3   6   3   4   0   1   4   5    2    4    2    3    1    1    2    3    3    2    2    3    1    1    0    0    0    0    0    0    0    0    0    0    0    0    0    0    0    0    0
    8    1      2      0    0   100   0   0   0   0   0   0   1   2   3   0   0   2   1   4   4   3   3   3   2   2   5   3   5   9   3   2   2   4   5   2    4    2    2    1    2    3    4    1    2    2    2    3    1    0    0    0    1    0    0    0    0    0    0    0    0    0    0    0    0    0    0
    9    1      2      0    0   100   0   0   0   0   0   2   5   2   3   0   1   1   4   3   3   1   3   4   2   2   4   2   5   4   4   2   3   5   1   3    2    3    3    6    5    2    3    2    1    0    0    1    2    0    1    0    0    0    0    0    0    0    0    0    0    0    0    0    0    0    0
   10    1      2      0    0   100   0   0   0   0   0   0   4   7   1   2   2   1   6   6   0   0   1   3   2   4   2   3   3   7   1   3   3   0   5   4    5    3    3    2    2    2    0    4    0    3    1    0    1    2    0    1    1    0    0    0    0    0    0    0    0    0    0    0    0    0    0
   11    1      2      0    0   100   0   0   0   0   0   1   1  10   4   1   1   4   4   4   7   1   4   3   5   2   0   3   2   2   3   4   3   2   0   2    3    2    5    3    1    1    2    2    0    3    2    0    0    0    1    0    2    0    0    0    0    0    0    0    0    0    0    0    0    0    0
   12    1      2      0    0   100   0   0   0   0   0   2   7   7   2   2   3   6   1   4   4   4   3   3   2   3   0   3   1   2   1   5   4   3   2   4    2    0    1    3    3    1    3    2    2    2    1    0    1    0    0    0    0    0    0    0    0    0    0    0    1    0    0    0    0    0    0
   13    1      2      0    0   100   0   0   0   0   0   2   4   7   4   0   0   5   4   9   2   3   2   5   3   5   1   1   4   6   1   3   2   3   3   6    0    1    2    1    2    0    0    3    1    3    0    0    0    0    2    0    0    0    0    0    0    0    0    0    0    0    0    0    0    0    0
   14    1      2      0    0   100   0   0   0   0   0   1   3   8   1   1   1   7   3   7   4   6   4   4   1   5   5   1   6   5   2   0   5   1   3   0    2    2    0    2    1    1    0    3    0    1    0    2    1    1    0    0    0    0    0    0    0    0    0    0    0    0    0    0    0    0    0
   15    1      2      0    0   100   0   0   0   0   0   2   2   8   5   0   0   1   4   3   4   4   3   3   4   5   4   3   4   3   4   1   4   6   4   1    3    0    1    0    2    3    1    1    1    3    2    0    0    0    1    0    0    0    0    0    0    0    0    0    0    0    0    0    0    0    0
   16    1      2      0    0   100   0   0   0   0   1   2   5   4   3   0   1   5   5   6   4   3   1   4   1   4   5   3   6   6   6   2   1   2   0   4    2    0    4    0    2    4    0    2    0    0    0    0    0    0    0    2    0    0    0    0    0    0    0    0    0    0    0    0    0    0    0
   17    1      2      0    0   100   1   0   0   0   0   2   2   6   6   0   3   3   5   3   2   2   3   6   6   1   4   2   0   6   0   4   3   2   4   6    6    2    1    1    0    1    1    1    0    1    1    1    1    0    1    0    0    0    0    0    0    0    0    0    0    0    0    0    0    0    0
   18    1      2      0    0   100   0   0   0   0   0   3   4   5   4   1   1   2   5   8   2   5   6   2   7   6   2   1  10   4   3   0   3   0   2   0    1    1    1    3    1    1    1    4    0    0    0    0    0    0    0    0    0    0    1    0    0    0    0    0    0    0    0    0    0    0    0
   19    1      2      0    0   100   0   0   0   0   0   2   3   4   2   1   3   5   4   8  10   2   2   2   3   2   5   2   1   3   3   2   3   3   1   2    3    2    5    1    1    3    0    1    0    2    1    1    0    1    0    0    1    0    0    0    0    0    0    0    0    0    0    0    0    0    0
   20    1      2      0    0   100   0   0   0   0   0   0   9   4   1   3   3   2   4   3   8   3   3   5   5   1   3   4   4   3   4   2   3   2   2   1    1    1    3    3    1    0    2    1    2    0    0    0    2    2    0    0    0    0    0    0    0    0    0    0    0    0    0    0    0    0    0
   21    1      2      0    0   100   0   0   0   0   0   0   5  14   5   1   0   3   3   7   5   0   4   5   1   9   4   3   1   5   2   2   1   3   2   4    0    0    3    3    1    2    0    0    1    0    1    0    0    0    0    0    0    0    0    0    0    0    0    0    0    0    0    0    0    0    0
   22    1      2      0    0   100   0   0   0   0   0   0   5   7   5   1   3   5   6   9   7   4   6   1   1   4   3   5   3   1   1   3   4   2   4   0    2    1    2    0    0    1    1    0    2    0    0    0    0    0    0    0    0    1    0    0    0    0    0    0    0    0    0    0    0    0    0
   23    1      2      0    0   100   0   0   0   0   0   1   0   3   1   1   0   3   8  10   5   9   9   6   4   5   2   2   3   4   2   0   3   6   1   4    1    1    2    1    0    1    0    1    0    0    0    0    0    0    0    0    0    0    0    0    1    0    0    0    0    0    0    0    0    0    0
   24    1      2      0    0   100   0   0   0   0   0   0  13   9   3   1   2   2   4   3   1   2   9   2   7   6   3   2   3   3   5   3   0   0   2   1    1    0    3    0    1    1    1    1    0    1    2    2    0    0    0    0    0    0    1    0    0    0    0    0    0    0    0    0    0    0    0
   25    1      2      0    0   100   0   0   0   0   1   2   9   8   5   2   2   4   5   5   5   2   1   1   1   3   7   4   4   2   5   1   3   4   2   0    0    0    1    2    0    3    0    0    0    0    1    1    0    1    0    0    1    2    0    0    0    0    0    0    0    0    0    0    0    0    0
   26    1      2      0    0   100   1   0   0   0   0   2   5  11   4   2   3   4   7   9  10   3   2   0   6   5   5   1   3   2   2   1   2   1   1   0    0    1    2    1    2    0    0    0    0    0    1    0    0    0    1    0    0    0    0    0    0    0    0    0    0    0    0    0    0    0    0
   27    1      2      0    0   100   0   0   0   0   1   1   5   3   4   1   1   4  12   5   5   2   7   1   4   5   7   6   3   1   3   1   0   1   2   3    2    1    1    1    2    0    1    0    1    0    1    0    0    2    0    0    0    0    0    0    0    0    0    0    0    0    0    0    0    0    0
   28    1      2      0    0   100   0   0   0   0   1   3   6  11   2   0   2   7   7   8   2   6   7   1   0   4   4   3   1   5   6   3   0   1   2   2    0    0    2    0    2    0    0    0    0    1    0    0    1    0    0    0    0    0    0    0    0    0    0    0    0    0    0    0    0    0    0
   29    1      2      0    0   100   0   0   0   0   0   2   2   6   2   1   2   3   9   7   4   2   8   8   5   6   2   3   2   4   2   3   2   4   2   2    3    0    1    0    1    0    0    0    1    0    0    1    0    0    0    0    0    0    0    0    0    0    0    0    0    0    0    0    0    0    0
   30    1      2      0    0   100   0   0   0   0   0   3   4  10   3   2   2   3   7   2   6   1   4   3   4   3   4  10   4   2   2   1   4   2   2   1    1    2    2    0    1    3    1    0    0    0    0    0    1    0    0    0    0    0    0    0    0    0    0    0    0    0    0    0    0    0    0
   31    1      2      0    0   100   1   0   0   0   0   1   5   4   1   3   2   6   6   6  12   4   6   1   4   5   3   4   2   2   3   3   3   3   1   0    0    4    0    2    1    2    0    0    0    0    0    0    0    0    0    0    0    0    0    0    0    0    0    0    0    0    0    0    0    0    0
   32    1      2      0    0   100   1   1   0   0   0   0  10   5   3   1   0   5   4  10   2   1   5   6   3   6   2   0   3   2   3   1   5   2   1   2    3    3    1    2    1    0    1    1    1    1    1    0    1    0    0    0    0    0    0    0    0    0    0    0    0    0    0    0    0    0    0
   33    1      2      0    0   100   0   0   0   0   0   3  12  12   4   0   0   0   8   9   6   1   4   3   5   4   6   2   2   0   2   3   3   0   0   1    3    1    1    0    2    0    0    0    0    2    0    0    1    0    0    0    0    0    0    0    0    0    0    0    0    0    0    0    0    0    0
   34    1      2      0    0   100   1   0   0   0   0   4   6   4   6   0   3   4   8   7   6   7   3   7   3   3   6   4   1   1   0   0   1   1   1   1    1    1    2    1    0    2    0    3    0    1    0    1    0    0    0    0    0    0    0    0    0    0    0    0    0    0    0    0    0    0    0
   35    1      2      0    0   100   0   0   0   0   0   1   4   7   1   3   2   3   5  10   7   2   5   4   5   5   3   5   5   3   3   3   1   0   3   2    5    0    0    2    0    0    0    1    0    0    0    0    0    0    0    0    0    0    0    0    0    0    0    0    0    0    0    0    0    0    0
   36    1      2      0    0   100   0   0   0   0   0   6   9  11   5   2   4   5   2   7   3   2   3   3   3   2   4   5   5   4   3   3   0   2   0   1    0    0    0    0    1    1    1    1    1    1    0    0    0    0    0    0    0    0    0    0    0    0    0    0    0    0    0    0    0    0    0
   37    1      2      0    0   100   2   0   0   0   0   0   3   2   3   2   2   7  10   8   7   6   4   3   3   6   2   1   3   1   1   3   4   2   3   3    1    1    1    3    0    0    1    1    1    0    0    0    0    0    0    0    0    0    0    0    0    0    0    0    0    0    0    0    0    0    0
   38    1      2      0    0   100   0   0   0   0   0   3   8   5   3   0   0   4   1   4   7   1   4   4  11   5   4  10   2   4   1   3   2   5   1   2    1    3    1    0    0    0    0    0    0    0    1    0    0    0    0    0    0    0    0    0    0    0    0    0    0    0    0    0    0    0    0
   39    1      2      0    0   100   0   0   0   0   0   4   7  17   2   1   3   3   8   8   4   2   1   1   2   4   3   5   4   4   1   5   6   1   0   0    2    1    0    0    0    0    0    0    0    1    0    0    0    0    0    0    0    0    0    0    0    0    0    0    0    0    0    0    0    0    0
   40    1      2      0    0   100   0   0   0   0   1   1   2   4   2   1   2   5  10  10  11   7   3   3   2   4   5   2   1   1   2   4   5   0   0   0    1    2    3    2    1    1    0    0    0    0    2    0    0    0    0    0    0    0    0    0    0    0    0    0    0    0    0    0    0    0    0
   41    1      2      0    0   100   0   0   0   0   0   0   3   8   2   0   3   8   5   3   6  10   2   9   9   4   6   1   2   1   2   1   5   2   2   1    1    1    2    1    0    0    0    0    0    0    0    0    0    0    0    0    0    0    0    0    0    0    0    0    0    0    0    0    0    0    0
   42    1      2      0    0   100   0   0   0   0   0   1   2   5   0   0   0   5   4  17   6   4   2   4   6   1   2   8   2   1   2   4   4   0   4   3    0    3    1    4    0    1    1    1    0    0    0    0    1    0    0    0    0    1    0    0    0    0    0    0    0    0    0    0    0    0    0
   43    1      2      0    0   100   0   0   0   0   1   2  15   2   9   1   0   2   3   2   3   5   3   3   3   5   5   3   6   1   5   3   4   0   0   2    3    0    1    3    0    3    0    0    1    0    1    0    0    0    0    0    0    0    0    0    0    0    0    0    0    0    0    0    0    0    0
   44    1      2      0    0   100   0   0   0   0   0   0   2  13   2   1   2   4  13   5   7   6   2   0   2   1   3   4   0   3   3   0   8   2   1   4    3    3    1    1    1    1    0    1    1    0    0    0    0    0    0    0    0    0    0    0    0    0    0    0    0    0    0    0    0    0    0
   45    1      2      0    0   100   0   0   0   0   1   2   6  18   2   2   0   1   6   5   5   7   3   4   6   2   2   3   1   2   2   1   4   2   1   2    2    1    2    1    1    1    0    0    0    2    0    0    0    0    0    0    0    0    0    0    0    0    0    0    0    0    0    0    0    0    0
   46    1      2      0    0   100   0   0   0   0   0   1   2   2   3   3   3   3  10   8  11   7   1   3   1   6   3   2   3   2   7   2   0   5   0   3    0    1    4    0    0    0    1    2    0    0    0    0    0    0    1    0    0    0    0    0    0    0    0    0    0    0    0    0    0    0    0
   47    1      2      0    0   100   1   0   0   0   0   2   3   6   2   2   3   2   4   1   5   5   4   7   5   5   9   2   3   2   3   2   3   2   1   4    0    2    1    4    1    1    2    0    0    0    0    1    0    0    0    0    0    0    0    0    0    0    0    0    0    0    0    0    0    0    0
   48    1      2      0    0   100   0   0   0   0   0   1   4   3   2   0   2   3   7   6   6   5   1   4   3   5   3   0   6   5   4   4   5   2   6   0    0    2    2    1    0    3    0    1    1    2    1    0    0    0    0    0    0    0    0    0    0    0    0    0    0    0    0    0    0    0    0
   49    1      2      0    0   100   0   0   0   0   0   3   9  10   3   3   2   1   6   4   8   1   1   2   2   4   4   5   5   3   3   2   2   2   3   1    1    2    2    0    2    0    1    1    1    1    0    0    0    0    0    0    0    0    0    0    0    0    0    0    0    0    0    0    0    0    0
   50    1      2      0    0   100   0   0   0   0   0   1   4   4   2   0   2   6   3   6   3   8   1   1   6   6   3   7   2   4   2   4   3   3   1   6    2    0    2    1    1    1    1    1    0    1    0    0    0    2    0    0    0    0    0    0    0    0    0    0    0    0    0    0    0    0    0
25 #_N_agebins
#_agebin_vector
1 2 3 4 5 6 7 8 9 10 11 12 13 14 15 16 17 18 19 20 21 22 23 24 25
1 #_N_ageerror_definitions
 #_age0   age1   age2   age3   age4   age5   age6   age7   age8   age9  age10  age11  age12  age13  age14  age15  age16  age17  age18  age19  age20  age21  age22  age23  age24  age25
 -1.000 -1.000 -1.000 -1.000 -1.000 -1.000 -1.000 -1.000 -1.000 -1.000 -1.000 -1.000 -1.000 -1.000 -1.000 -1.000 -1.000 -1.000 -1.000 -1.000 -1.000 -1.000 -1.000 -1.000 -1.000 -1.000
  0.001  0.001  0.001  0.001  0.001  0.001  0.001  0.001  0.001  0.001  0.001  0.001  0.001  0.001  0.001  0.001  0.001  0.001  0.001  0.001  0.001  0.001  0.001  0.001  0.001  0.001
100 #_N_agecomp
3 #_Lbin_method: 1=poplenbins; 2=datalenbins; 3=lengths
-1 #_combine males into females at or below this bin number
 #_Yr Seas FltSvy Gender Part Ageerr Lbin_lo Lbin_hi Nsamp a1 a2 a3 a4 a5 a6 a7 a8 a9 a10 a11 a12 a13 a14 a15 a16 a17 a18 a19 a20 a21 a22 a23 a24 a25
    1    1      1      0    0      1      -1      -1   100  1 18 19  9 11  5  4  6  4   7   3   4   2   1   2   0   2   0   0   0   0   0   0   0   2
    2    1      1      0    0      1      -1      -1   100  0 20 20 12 10  4  5  6  5   3   2   2   5   3   1   0   0   1   0   0   1   0   0   0   0
    3    1      1      0    0      1      -1      -1   100  2 12 14 10  7  7 10  7  9   4   4   0   2   4   3   0   2   0   0   0   1   0   1   0   1
    4    1      1      0    0      1      -1      -1   100  7 11 11 15  9  8 10  5  1   7   1   4   0   2   1   0   1   1   1   0   2   0   1   0   2
    5    1      1      0    0      1      -1      -1   100  1 29  9  9 10  5  8  8  4   2   6   1   0   0   2   1   0   1   1   0   0   0   0   1   2
    6    1      1      0    0      1      -1      -1   100  5 16 26  8  7  9  5  2  4   3   2   3   4   1   1   0   1   0   1   0   0   0   0   0   2
    7    1      1      0    0      1      -1      -1   100  1 12 19 20  6  3  9  4  0   4   7   2   3   0   0   4   2   0   0   1   0   1   1   0   1
    8    1      1      0    0      1      -1      -1   100  2 15 13 23 14  5  6  3  1   4   3   1   2   2   0   3   0   2   0   1   0   0   0   0   0
    9    1      1      0    0      1      -1      -1   100  2 12 21  8 14 15  3  2  6   1   2   1   3   1   4   0   1   1   0   2   0   0   0   0   1
   10    1      1      0    0      1      -1      -1   100  5 18 17 11  6  6 10  8  4   2   2   0   2   4   1   0   0   0   0   0   0   1   0   1   2
   11    1      1      0    0      1      -1      -1   100  3 22 19 11 10  5 11  8  2   0   2   0   1   2   0   0   0   1   0   0   0   1   1   1   0
   12    1      1      0    0      1      -1      -1   100  7 21 24  6  6  8  5  5  4   2   1   1   1   3   0   0   3   1   0   0   0   0   0   0   2
   13    1      1      0    0      1      -1      -1   100  6 31 10 17 10  3  1  2  3   4   0   1   5   2   0   0   0   2   2   0   0   0   0   0   1
   14    1      1      0    0      1      -1      -1   100  1 14 34  8 13  7  7  5  0   2   2   1   2   1   1   1   0   0   0   1   0   0   0   0   0
   15    1      1      0    0      1      -1      -1   100  6 18 23 18  6  7  1  5  4   1   2   3   1   0   0   0   0   0   0   2   3   0   0   0   0
   16    1      1      0    0      1      -1      -1   100  4 25  9 16 18 12  5  3  2   0   0   1   2   0   0   1   0   1   1   0   0   0   0   0   0
   17    1      1      0    0      1      -1      -1   100  6 19 22 11 12 10  5  1  1   0   1   1   4   1   3   1   1   0   0   1   0   0   0   0   0
   18    1      1      0    0      1      -1      -1   100  8 23 19 12  7  8  7  1  2   3   2   3   0   0   0   1   0   1   0   1   0   1   0   0   1
   19    1      1      0    0      1      -1      -1   100  3 33 21 11  9  9  3  4  0   3   2   0   0   0   1   0   1   0   0   0   0   0   0   0   0
   20    1      1      0    0      1      -1      -1   100  4 26 30 10  7  6  0  4  8   2   0   0   0   2   0   0   0   0   0   0   0   0   0   0   1
   21    1      1      0    0      1      -1      -1   100  9 14 23 15  8 10 11  0  4   4   0   1   0   0   1   0   0   0   0   0   0   0   0   0   0
   22    1      1      0    0      1      -1      -1   100  4 48  8 12  8  4  7  2  1   1   1   1   1   1   0   0   1   0   0   0   0   0   0   0   0
   23    1      1      0    0      1      -1      -1   100  0 39 23 11  4  8  4  2  4   3   1   0   0   0   0   0   0   0   1   0   0   0   0   0   0
   24    1      1      0    0      1      -1      -1   100  6 11 23 21 14  5  7  3  3   1   2   1   1   0   1   0   0   0   0   0   0   0   0   0   1
   25    1      1      0    0      1      -1      -1   100  7 31 14 14 18  4  3  4  2   1   0   1   1   0   0   0   0   0   0   0   0   0   0   0   0
   26    1      1      0    0      1      -1      -1   100  6 34 24  7 11  8  3  3  0   0   3   0   0   0   1   0   0   0   0   0   0   0   0   0   0
   27    1      1      0    0      1      -1      -1   100  8 35 25 11  8  6  1  1  2   2   1   0   0   0   0   0   0   0   0   0   0   0   0   0   0
   28    1      1      0    0      1      -1      -1   100  5 21 24 19 11  4  3  8  1   1   1   1   0   0   0   1   0   0   0   0   0   0   0   0   0
   29    1      1      0    0      1      -1      -1   100  5 38 23 10 11  8  1  4  0   0   0   0   0   0   0   0   0   0   0   0   0   0   0   0   0
   30    1      1      0    0      1      -1      -1   100  3 20 24 24  7  8  6  2  1   4   0   1   0   0   0   0   0   0   0   0   0   0   0   0   0
   31    1      1      0    0      1      -1      -1   100  1 41 19 12  5  9  4  6  0   3   0   0   0   0   0   0   0   0   0   0   0   0   0   0   0
   32    1      1      0    0      1      -1      -1   100  3 34 26 10 14  4  1  3  3   1   0   0   1   0   0   0   0   0   0   0   0   0   0   0   0
   33    1      1      0    0      1      -1      -1   100  8 27 18 19  9  7  7  0  2   0   2   0   0   0   1   0   0   0   0   0   0   0   0   0   0
   34    1      1      0    0      1      -1      -1   100  2 37 26 11 11  1  4  1  0   2   2   1   1   0   0   0   0   0   1   0   0   0   0   0   0
   35    1      1      0    0      1      -1      -1   100  5 36 19 13 10  7  4  2  0   1   1   2   0   0   0   0   0   0   0   0   0   0   0   0   0
   36    1      1      0    0      1      -1      -1   100  7 28 36 10  4  5  5  2  2   0   0   0   0   0   1   0   0   0   0   0   0   0   0   0   0
   37    1      1      0    0      1      -1      -1   100  2 37 18 14 11  7  5  3  0   3   0   0   0   0   0   0   0   0   0   0   0   0   0   0   0
   38    1      1      0    0      1      -1      -1   100  6 18 32 11 18  8  2  1  2   2   0   0   0   0   0   0   0   0   0   0   0   0   0   0   0
   39    1      1      0    0      1      -1      -1   100  5 20 19 24  5  9  7  2  4   2   0   0   2   0   0   0   0   0   1   0   0   0   0   0   0
   40    1      1      0    0      1      -1      -1   100  5 30 19 10 18  4  3  5  2   1   0   0   0   2   1   0   0   0   0   0   0   0   0   0   0
   41    1      1      0    0      1      -1      -1   100  3 24 23 13  5 15  2  5  2   5   1   0   1   0   0   1   0   0   0   0   0   0   0   0   0
   42    1      1      0    0      1      -1      -1   100  0 38 21 17  8  3  7  3  1   2   0   0   0   0   0   0   0   0   0   0   0   0   0   0   0
   43    1      1      0    0      1      -1      -1   100  9 10 31 19 15  4  3  2  3   2   1   0   0   1   0   0   0   0   0   0   0   0   0   0   0
   44    1      1      0    0      1      -1      -1   100  3 45 12 13  5  8  2  2  2   3   3   1   1   0   0   0   0   0   0   0   0   0   0   0   0
   45    1      1      0    0      1      -1      -1   100 11 29 29  3  9  9  2  0  2   2   0   1   1   0   1   0   0   1   0   0   0   0   0   0   0
   46    1      1      0    0      1      -1      -1   100  4 41 18 20  1  4  3  3  1   1   3   0   0   0   0   0   0   0   1   0   0   0   0   0   0
   47    1      1      0    0      1      -1      -1   100  2 25 34 11 13  1  4  3  2   1   1   1   0   0   1   1   0   0   0   0   0   0   0   0   0
   48    1      1      0    0      1      -1      -1   100  4 12 21 33  5 10  2  4  1   5   1   1   1   0   0   0   0   0   0   0   0   0   0   0   0
   49    1      1      0    0      1      -1      -1   100  6 24 13  7 20 10  9  1  1   2   1   1   1   0   3   1   0   0   0   0   0   0   0   0   0
   50    1      1      0    0      1      -1      -1   100  2 22 13 12  8 20  4  3  1   5   3   3   3   0   1   0   0   0   0   0   0   0   0   0   0
    1    1      2      0    0      1      -1      -1   100 11 11 11 14  8  6  5  4  2   5   5   4   2   2   3   0   2   1   0   0   0   3   0   0   1
    2    1      2      0    0      1      -1      -1   100  7 11 14 14 12  6 10  8  4   0   2   1   4   1   0   0   1   0   0   0   1   0   0   0   4
    3    1      2      0    0      1      -1      -1   100 11 11 17  8  7 10  2  2  6   4   6   4   1   2   1   1   2   1   1   1   1   0   1   0   0
    4    1      2      0    0      1      -1      -1   100 14  9 13  9  6 12  5  9  4   2   3   4   2   2   1   0   1   1   1   0   1   0   0   0   1
    5    1      2      0    0      1      -1      -1   100 12 33  6  5 11  7  3  6  1   4   6   0   2   0   0   1   1   0   0   0   0   1   0   0   1
    6    1      2      0    0      1      -1      -1   100  5 30 16 10  7  2  6  5  2   6   3   3   1   0   0   1   0   1   1   0   1   0   0   0   0
    7    1      2      0    0      1      -1      -1   100  7 13 13 22  8  5  8  5  7   1   2   2   1   0   3   1   0   1   0   0   0   1   0   0   0
    8    1      2      0    0      1      -1      -1   100  4 24  5 19 16  6  4  4  2   6   1   2   2   2   0   0   0   0   0   1   0   0   0   0   2
    9    1      2      0    0      1      -1      -1   100 10 14 13 10 15 10  2  2  3   2   3   3   4   3   0   1   1   2   0   0   0   0   0   0   2
   10    1      2      0    0      1      -1      -1   100 13 16 10 12  6 11 13  6  0   5   1   0   1   2   0   1   0   0   2   0   1   0   0   0   0
   11    1      2      0    0      1      -1      -1   100 13 16 15  8 13  7  4  5  3   1   0   1   3   3   1   1   1   0   0   2   2   0   0   0   1
   12    1      2      0    0      1      -1      -1   100 14 13 20 14  4 11  2  5  8   1   1   2   0   3   1   0   0   1   0   0   0   0   0   0   0
   13    1      2      0    0      1      -1      -1   100 16 25 14 10  5  2  2  2  7   8   1   2   2   1   0   0   0   2   1   0   0   0   0   0   0
   14    1      2      0    0      1      -1      -1   100  6 24 22 11  6  6  4  7  2   3   2   1   0   4   1   0   0   0   0   0   0   0   1   0   0
   15    1      2      0    0      1      -1      -1   100 14 17 15 20  6  8  4  1  2   1   3   4   0   0   0   0   2   0   0   0   1   2   0   0   0
   16    1      2      0    0      1      -1      -1   100 14 20  8 19 13  8  5  7  0   1   0   2   0   1   0   0   0   0   1   0   1   0   0   0   0
   17    1      2      0    0      1      -1      -1   100 11 21 18 11  9 16  6  2  1   0   0   1   2   1   0   0   0   0   1   0   0   0   0   0   0
   18    1      2      0    0      1      -1      -1   100 20 28 18  6  2  3  9  1  5   0   2   3   0   0   2   0   0   0   0   0   0   0   0   0   1
   19    1      2      0    0      1      -1      -1   100 11 29 12  9 10  2  9  8  4   2   1   0   0   0   0   0   0   0   1   1   1   0   0   0   0
   20    1      2      0    0      1      -1      -1   100 10 27 18 14  8  3  2  1  5   2   4   1   1   0   1   1   0   0   0   1   0   0   0   0   1
   21    1      2      0    0      1      -1      -1   100 32 14 15 17  7  7  1  3  1   1   0   0   1   0   0   0   0   0   0   0   0   0   0   0   1
   22    1      2      0    0      1      -1      -1   100 17 29  8  8 15  7  3  5  2   2   2   0   0   1   0   0   0   0   0   0   0   0   0   0   1
   23    1      2      0    0      1      -1      -1   100  8 37 23  8  3  6  4  4  2   0   1   2   1   0   0   0   0   1   0   0   0   0   0   0   0
   24    1      2      0    0      1      -1      -1   100 26 12 22 13  8  6  5  2  0   2   0   1   2   1   0   0   0   0   0   0   0   0   0   0   0
   25    1      2      0    0      1      -1      -1   100 30 32  6 12  8  3  1  3  3   0   0   0   1   0   0   0   1   0   0   0   0   0   0   0   0
   26    1      2      0    0      1      -1      -1   100 22 30 21  4 11  5  1  0  4   1   0   0   1   0   0   0   0   0   0   0   0   0   0   0   0
   27    1      2      0    0      1      -1      -1   100 12 30 23 14  2  4  9  1  2   0   0   0   0   1   2   0   0   0   0   0   0   0   0   0   0
   28    1      2      0    0      1      -1      -1   100 17 23 20 22  6  4  2  2  0   2   0   1   0   0   0   0   1   0   0   0   0   0   0   0   0
   29    1      2      0    0      1      -1      -1   100 10 33 17 12 17  5  0  1  2   2   0   1   0   0   0   0   0   0   0   0   0   0   0   0   0
   30    1      2      0    0      1      -1      -1   100 21 16 19 20 13  6  3  0  1   0   1   0   0   0   0   0   0   0   0   0   0   0   0   0   0
   31    1      2      0    0      1      -1      -1   100 11 35 12 15 13  4  4  4  1   1   0   0   0   0   0   0   0   0   0   0   0   0   0   0   0
   32    1      2      0    0      1      -1      -1   100 23 18 30 10  7  6  0  3  2   0   0   1   0   0   0   0   0   0   0   0   0   0   0   0   0
   33    1      2      0    0      1      -1      -1   100 19 21 14 21 11  2  2  6  1   2   0   1   0   0   0   0   0   0   0   0   0   0   0   0   0
   34    1      2      0    0      1      -1      -1   100 26 25 11 12 15  3  3  1  1   1   1   0   0   0   0   0   0   0   0   0   0   0   1   0   0
   35    1      2      0    0      1      -1      -1   100 10 32 24  9  7  7  2  3  1   2   2   1   0   0   0   0   0   0   0   0   0   0   0   0   0
   36    1      2      0    0      1      -1      -1   100 33 23 19 14  3  2  0  2  2   0   0   0   0   0   0   1   0   0   1   0   0   0   0   0   0
   37    1      2      0    0      1      -1      -1   100  7 32 17 15 15  3  4  3  2   1   1   0   0   0   0   0   0   0   0   0   0   0   0   0   0
   38    1      2      0    0      1      -1      -1   100 16 18 35  6 10  5  4  2  4   0   0   0   0   0   0   0   0   0   0   0   0   0   0   0   0
   39    1      2      0    0      1      -1      -1   100 23 31  8 17  9  8  2  1  0   1   0   0   0   0   0   0   0   0   0   0   0   0   0   0   0
   40    1      2      0    0      1      -1      -1   100 22 27 17  8  6  4  6  6  1   0   2   0   0   1   0   0   0   0   0   0   0   0   0   0   0
   41    1      2      0    0      1      -1      -1   100 20 20 23 15  6  4  5  3  0   1   2   0   0   0   0   1   0   0   0   0   0   0   0   0   0
   42    1      2      0    0      1      -1      -1   100  8 28 19  8 13  3 12  4  2   2   1   0   0   0   0   0   0   0   0   0   0   0   0   0   0
   43    1      2      0    0      1      -1      -1   100 27  9 27  8 12  7  4  2  3   1   0   0   0   0   0   0   0   0   0   0   0   0   0   0   0
   44    1      2      0    0      1      -1      -1   100 18 34  2 17 13  8  3  3  1   0   0   0   1   0   0   0   0   0   0   0   0   0   0   0   0
   45    1      2      0    0      1      -1      -1   100 29 24 21  3  4  5  3  4  1   2   1   3   0   0   0   0   0   0   0   0   0   0   0   0   0
   46    1      2      0    0      1      -1      -1   100 14 32 22 17  3  2  1  4  1   0   2   0   0   1   1   0   0   0   0   0   0   0   0   0   0
   47    1      2      0    0      1      -1      -1   100 14 21 26 11 13  1  5  5  1   1   1   1   0   0   0   0   0   0   0   0   0   0   0   0   0
   48    1      2      0    0      1      -1      -1   100  8 26 17 19  9 12  1  2  1   3   0   0   2   0   0   0   0   0   0   0   0   0   0   0   0
   49    1      2      0    0      1      -1      -1   100 29 16  9 13  7 10 10  1  0   1   1   1   0   1   0   0   0   1   0   0   0   0   0   0   0
   50    1      2      0    0      1      -1      -1   100 14 26  9 17  9 10  8  4  0   1   1   0   0   1   0   0   0   0   0   0   0   0   0   0   0
0 #_N_MeanSize_at_Age_obs
0 #_N_environ_variables
0 #_N_environ_obs
0 #_N_sizefreq_methods
 #_nbins_per_method
 #_units_per_method
 #_scale_per_method
 #_mincomp_per_method
 #_Nobs_per_method
#_Sizefreq bins
#_sizefreq_bins_list
0 #_do_tags
0 #_morphcomp_data
#
999
