ParName   Value   Gradient
BiolPars[2]    -0.361245 -8.07591e-006
BiolPars[15]    -0.306891 -3.15073e-006
BiolPars[16]     0.174091 -4.76016e-006
SRPars[1]      4.32778 3.16552e-005
SRPars[5]      21.5185 -7.44598e-006
SRPars[6]            1 1.94758e-006
SelexLPars[1]      137.636 6.76286e-008
SelexLPars[2]  0.000125612 -5.25955e-008
SelexLPars[3]  0.000960201 -1.29913e-006
SelexLPars[4]  0.000770701 -9.80279e-007
SelexLPars[5] 7.81393e-005 1.02949e-006
SelexLPars[6]  0.000386404 -7.90759e-007
SelexLPars[7] -0.000735327 -7.22013e-007
SelexLPars[8] 6.76614e-005 3.90245e-007
SelexLPars[9]  -0.00186161 5.70893e-007
SelexLPars[10]   0.00226535 5.72239e-007
SelexLPars[11]   0.00390674 1.90163e-006
SelexLPars[12]  -0.00782984 7.35442e-007
SelexLPars[13]     0.137283 3.56648e-007
SelexLPars[14] 2.40378e-005 3.00497e-007
SelexLPars[15]  0.000106052 3.82754e-007
SelexLPars[16] 2.24545e-005 1.42539e-008
SelexLPars[17] -7.50362e-005 2.27697e-007
SelexLPars[18] 1.84768e-005 -1.1102e-006
SelexLPars[19] -7.63107e-005 -2.20676e-007
SelexLPars[20] -9.52125e-005 9.29198e-008
SelexLPars[21] -0.000382826 1.69488e-007
SelexLPars[22]  0.000423152 1.68372e-007
SelexLPars[23]  0.000466764 6.77302e-007
SelexLPars[24] -0.000726473 2.41426e-007
SelexLPars[25]      124.983 4.90972e-007
SelexLPars[26]     0.255526 5.78798e-008
SelexLPars[27]      65.2964 -4.4337e-008
SelexLPars[28]   0.00110607 2.62554e-007
SelexLPars[29]     0.203178  4.0917e-009
SelexLPars[30]    0.0813952  2.0108e-007
SelexLPars[31]  0.000492838 6.01586e-008
SelexLPars[32]     0.028008 -2.71652e-007
SelexLPars[33]      44.9543 2.64521e-007
SelexLPars[34]    0.0123008 -1.56118e-007
SelexLPars[35]    0.0721208 1.87916e-007
SelexLPars[36]     0.178746 2.74191e-008
SelexLPars[37]   0.00275564 8.15531e-008
SelexLPars[38]   0.00495213 8.88949e-008
SelexLPars[39]       142.84 2.85638e-007
SelexLPars[40]    -0.014668 -1.23927e-008
SelexLPars[41]   0.00436017  1.8883e-007
SelexLPars[42]     0.102483 -1.55409e-007
SelexLPars[43]  -0.00346884 3.22802e-008
SelexLPars[44]  0.000864383 3.28416e-008
SelexLPars[45]      95.7366 -7.60731e-008
SelexLPars[46] -0.000870506 4.44689e-008
SelexLPars[47]  0.000762176 -1.43475e-007
SelexLPars[48]     0.228893 2.27762e-008
SelexLPars[49] -0.000142086 -5.15394e-007
SelexLPars[50] -5.57783e-006 -1.43998e-007
SelexLPars[51]      113.174 -5.94954e-008
SelexLPars[52]  -0.00826765 6.44043e-008
SelexLPars[53]    0.0628978 -5.32872e-007
SelexLPars[54]    -0.011318  3.8848e-011
SelexLPars[55] -1.68797e-010 -2.12123e-007
SelexLPars[56] -3.39362e-011 -4.26817e-008
SelexLPars[57]      5.95812 5.18079e-007
SelexLPars[58] -0.000167472 3.04285e-007
SelexLPars[59]   -0.0267081 7.67497e-007
SelexLPars[60]            5 1.60898e-008
SelexLPars[61] -6.86589e-011 -8.53903e-008
SelexLPars[62] -1.16871e-010 -1.41878e-007
SelexLPars[63]     -7.03401 8.52579e-008
SelexLPars[64]  0.000357003 7.00929e-009
SelexLPars[65]  0.000441117 -8.2806e-008
SelexLPars[66]      21.9432 8.21564e-008
SelexLPars[67] -1.67002e-010 -1.98151e-007
SelexLPars[68] -6.72538e-011 -2.44383e-008
SelexLPars[69]      77.6177 -1.13229e-007
SelexLPars[70]  -0.00027337  1.3928e-007
SelexLPars[71]   0.00554872 9.98655e-008
SelexLPars[72]     0.227189 -3.0625e-008
SelexLPars[73] 2.12774e-005 -2.04438e-007
SelexLPars[74]   0.00017089 1.66381e-007
SelexLPars[75]      39.7223 2.35819e-006
SelexLPars[76]    -0.127538 1.19298e-006
SelexLPars[77]    -0.190081 3.49546e-006
SelexLPars[79]   -0.0312418 4.20927e-007
SelexLPars[80]   -0.0205804 2.31332e-007
SelexLPars[86]      40.8206 6.49693e-006
SelexLPars[87]    -0.073886 4.24201e-006
SelexLPars[88]    -0.183743 6.36101e-006
SelexLPars[89]     0.241833 1.94351e-006
SelexLPars[90]    -0.016624 1.68619e-006
SelexLPars[91]   0.00330745 2.18551e-006
RetainLPars[1]      135.949 3.71089e-007
RetainLPars[2]     0.059579 2.57638e-007
RecDev(1953)      2.32624 -7.35569e-009
RecDev(1954)      2.32413  1.6493e-007
RecDev(1955)       2.3194 -1.11091e-007
RecDev(1956)      2.31148 3.94542e-007
RecDev(1957)      2.29973 -5.19348e-008
RecDev(1958)      2.28349 3.48741e-007
RecDev(1959)      2.26215 4.75184e-009
RecDev(1960)      2.23529 -1.38237e-007
RecDev(1961)      2.20281 2.96875e-007
RecDev(1962)       2.1652  3.0905e-008
RecDev(1963)       2.1238 -1.12157e-007
RecDev(1964)      2.08105 8.63962e-008
RecDev(1965)      2.04066 -7.98232e-008
RecDev(1966)      2.00735 -1.4503e-007
RecDev(1967)    -0.313942 -4.27969e-007
RecDev(1968)    -0.292616 -2.8069e-008
RecDev(1969)    -0.133419  -1.973e-007
RecDev(1970)     0.421145 5.04007e-007
RecDev(1971)     0.661674 1.53179e-006
RecDev(1972)    -0.606943 6.77246e-007
RecDev(1973)     -1.19649 1.35777e-006
RecDev(1974)     -1.32724 1.09504e-006
RecDev(1975)      1.99713 1.99268e-005
RecDev(1976)     0.453747 5.36055e-006
RecDev(1977)    -0.351838 1.25079e-006
RecDev(1978)    -0.819626 3.17973e-006
RecDev(1979)     -1.34987 9.43794e-007
RecDev(1980)     -1.92182 4.98014e-007
RecDev(1981)     -1.72948 1.72771e-006
RecDev(1982)     0.756811 8.60359e-006
RecDev(1983)     -1.75475 4.53899e-007
RecDev(1984)     -1.89234 2.99024e-007
RecDev(1985)     0.918724 -7.07907e-006
RecDev(1986)      1.55355 -3.56523e-006
RecDev(1987)      1.18015 3.59455e-006
RecDev(1988)    -0.934013 3.34829e-007
RecDev(1989)     -1.94974 1.87246e-007
RecDev(1990)     -1.93581 4.05798e-007
RecDev(1991)     -1.49538   1.274e-006
RecDev(1992)     -1.50422 7.83482e-008
RecDev(1993)     -1.38245 9.36337e-007
RecDev(1994)     -1.52724 7.26441e-007
RecDev(1995)     -1.22892 -1.00737e-006
RecDev(1996)    -0.327747 5.44424e-006
RecDev(1997)    -0.547937 -2.19555e-006
RecDev(1998)      0.41642 -1.93197e-005
RecDev(1999)     0.106357 -3.94048e-006
RecDev(2000)      1.34172 -1.97427e-006
RecDev(2001)     -1.11897 -1.26947e-007
RecDev(2002)    -0.639494 8.22587e-007
RecDev(2003)      1.72219 1.02878e-005
RecDev(2004)    -0.183946 1.24984e-006
RecDev(2005)     -1.42717    1.06e-006
RecDev(2006)      -1.3275 1.16592e-006
RecDev(2007)     -1.07659 4.29436e-007
RecDev(2008)     0.445964 -6.41784e-007
RecDev(2009)      1.68001 1.05148e-006
RecDev(2010)     0.429243 -1.02055e-006
RecDev(2011)     -1.37301 1.06508e-006
RecDev(2012)    -0.898675 -1.24094e-006
RecDev(2013)     0.125294 -2.47891e-006
RecDev(2014)     -1.78136 1.15005e-007
RecDev(2015)    -0.402112 -5.14888e-007
RecDev(2016)     0.304278 5.52595e-007
dummy            0            0
