30
150
3.76985369100474
3.10240915693174
3.60214055111631
3.73569362023023
3.68419024995162
3.74821757337055
3.71980334635164
3.5989826821228
3.64131578261796
3.69395196361466
3.85325893857816
2.95567238847452
3.66592650737997
3.83695011497448
3.11297288836504
3.42064426071815
3.70563973956554
3.88190017184171
3.54372844104301
3.63496976661137
3.88391713461423
3.98566687661482
3.92588411795519
3.74533031333149
2.64022799271705
3.67705216492376
3.64155819073513
3.72587675516919
3.69898293032269
3.92402581880448
3.73302156228857
3.72434388198764
3.44708902023282
2.73881987740959
3.7428076822806
3.96198772923801
1.40543008466342
3.91787620512421
3.77741864417529
3.78139963963168
3.44997968782085
2.2881963145127
3.57579016570754
3.7405620258944
3.63448053348709
4.079740710714
3.69069506769299
3.37447961506445
2.4339867472931
3.36616101843804
2.07896188342617
3.61238388505619
3.27217598482607
2.7018280079386
3.68407322310467
4.03337122042237
3.4864862045254
3.76259505656503
3.28060128323307
3.76823768995239
3.72801129393958
1.57995254110351
3.40433387547812
3.40003169854603
3.87259818144783
3.55364627516237
3.51349620899254
3.19593291512756
3.64459140262613
3.64228545497583
3.80155068482168
3.68408788538315
3.92445022750711
1.49517367676955
3.98133315980105
1.53941954367263
3.69919485517553
3.65940046330068
3.17175688875483
3.52431711131435
4.00717823538988
3.8476009930082
3.97329189656042
3.61504793061119
3.63951999670292
2.31310043165637
3.82721187929565
3.70425128411396
3.92996467855236
2.9482887878927
3.9725933135689
3.84267642099886
4.0178253282312
3.16531227119882
2.73707561822806
2.93813754266926
3.77129079584467
4.04880290393178
3.834440056039
2.17295177170312
3.53145994457635
3.34742230528518
3.07643107160654
3.72508419609402
3.31891004107674
2.95861456094361
3.61171116172834
3.33162530755734
1.44430491437612
3.74485732442778
3.67711362968336
3.13242977006009
3.59185619646248
3.67451600028201
3.6513491013758
3.74346540379058
3.9063542307061
3.91439489072002
3.87754933806758
3.58606123224708
1.53694241188337
3.90772871086374
3.63906715736394
2.80938484703334
3.79775494762021
3.30233271897773
3.43033448732331
3.83635851441338
3.88861809477323
2.85249444684366
3.47514926833047
3.44802958076011
3.76862603948501
3.44753743098792
1.53998531455704
3.64743340558169
3.9122053293692
4.1325686162694
4.15282711755401
3.93101274541384
4.02279957423682
3.49657115831085
3.99424958532571
3.97657761866802
3.78957830299087
3.72228822201858
3.70203723148685
2.98548943057975
3.7355656372467
3.15494142393972
1
1
1
1
1
2
2
2
2
2
3
3
3
3
3
4
4
4
4
4
5
5
5
5
5
6
6
6
6
6
7
7
7
7
7
8
8
8
8
8
9
9
9
9
9
10
10
10
10
10
11
11
11
11
11
12
12
12
12
12
13
13
13
13
13
14
14
14
14
14
15
15
15
15
15
16
16
16
16
16
17
17
17
17
17
18
18
18
18
18
19
19
19
19
19
20
20
20
20
20
21
21
21
21
21
22
22
22
22
22
23
23
23
23
23
24
24
24
24
24
25
25
25
25
25
26
26
26
26
26
27
27
27
27
27
28
28
28
28
28
29
29
29
29
29
30
30
30
30
30
23
12
35
24
28
36
35
38
22
24
24
10
22
37
12
17
38
30
19
37
22
40
23
24
9
21
18
36
20
40
35
26
22
10
27
37
7
36
30
25
15
8
17
39
23
33
35
19
9
14
8
29
21
11
40
31
17
35
12
34
23
7
18
21
29
32
16
14
40
34
31
23
38
7
30
7
23
21
14
19
34
20
24
16
17
8
32
30
35
11
40
21
38
11
9
10
26
31
23
8
21
16
12
40
15
12
19
16
7
29
26
13
23
21
24
29
38
36
19
26
7
25
22
11
37
14
17
24
29
10
16
20
25
13
7
16
20
28
26
24
34
15
24
36
28
26
23
11
29
12
